# callgrind format
version: 1
creator: callgrind-3.18.1
pid: 5800
cmd:  ./hash2
part: 1


desc: I1 cache: 
desc: D1 cache: 
desc: LL cache: 

desc: Timerange: Basic block 0 - 2763046
desc: Trigger: Program termination

positions: line
events: Ir
summary: 15371522


ob=(3) /usr/lib/x86_64-linux-gnu/libc.so.6
fl=(163) ./misc/../sysdeps/unix/sysv/linux/brk.c
fn=(576) brk
35 7
+1 14

ob=(1) /usr/lib/x86_64-linux-gnu/ld-linux-x86-64.so.2
fl=(41) ./elf/./elf/dl-hwcaps_split.c
fn=(122) _dl_hwcaps_split
25 4
+1 3

ob=(3)
fl=(163)
fn=(576)
36 14
+1 14
+6 7
+1 7

ob=(1)
fl=(41)
fn=(122)
47 1
-20 1
+20 3

fn=(116) _dl_hwcaps_split_masked
51 55
-25 33

ob=(3)
fl=(203) ./stdlib/../sysdeps/x86_64/lshift.S
fn=(876) __mpn_lshift
28 7
+1 7
+1 7
+2 7
+1 7
+1 7

ob=(1)
fl=(41)
fn=(116)
26 9
+4 24
+4 48
+1 12
-1 24
+2 24
+5 27
cfi=(42) ./string/../sysdeps/x86_64/multiarch/../strchr.S
cfn=(118) index
calls=9 -18 
* 216
+1 18
+3 6
+11 12
+1 12
+1 6
-1 6
+1 6
-2 6
+1 6
+1 3
-1 3
+1 27
cfn=(120) _dl_hwcaps_contains
calls=6 +8 
* 30
* 12
-3 5
+7 44
-19 6
cfi=(22) ./string/../sysdeps/x86_64/multiarch/strlen-vec.S
cfn=(60) strlen
calls=3 -2 
* 51
* 3

fn=(120)
66 6
+1 12
+1 6
+9 6

fl=(29) ./string/../sysdeps/x86_64/multiarch/memmove-vec-unaligned-erms.S
fn=(128) mempcpy
199 32
+1 32
+1 32
+1 32

ob=(3)
fl=(203)
fn=(876)
46 7
+1 7
+1 7
+1 7
+1 7
+1 7
+1 7
+6 7
+1 7
+1 7

fl=(109) ./string/../sysdeps/x86_64/multiarch/strncase_l.c
fn=(356) strncasecmp_l
31 1
fi=(220) ./string/../sysdeps/x86_64/multiarch/ifunc-strcasecmp.h
+1 5
fe=(109)
-1 1

fl=(167) ./io/../sysdeps/unix/sysv/linux/open64.c
fn=(594) open
30 18
+3 9
-3 72
+3 26
+8 90
+2 63
-7 14
+1 7
-1 21
+2 7

fl=(154) ./setjmp/../sysdeps/x86_64/bsd-_setjmp.S
fn=(534) _setjmp
28 1
+2 1
+2 1
cfi=(155) ./setjmp/../sysdeps/x86_64/setjmp.S
cfn=(536) __sigsetjmp
calls=1 -2 
* 31

fl=(177) ./stdlib/../stdlib/strtol_l.c
fn=(638) ____strtoul_l_internal
225 3
+54 1
-54 3
+19 1
-19 3
+14 1
-14 2
+26 2
+31 4
+9 6
+2 2
+5 2
-1 1
+6 2

ob=(1)
fl=(29)
fn=(128)
219 32
+1 32
+2 6
+1 6
+1 6
+2 5
+1 5
+1 5
+2 5
360 26
+1 26
+2 8
+4 8
+1 3
+1 3
+1 2
+1 2
+1 2
+1 2
+2 2
+2 3
+6 5
+1 5
+1 5
+1 5
+1 5
+29 18
+1 18
+1 18
+1 18
+1 18
+7 1
+1 1
+1 1
+1 1
+1 1
+1 1
+1 1
+11 1
+1 1
+2 1
+1 1
+1 1

fn=(80) memcpy
212 18
+1 18
+6 18
+1 18
+2 10
+1 10
+1 10
+2 7
+1 7
+1 7
+2 7
360 8
+1 8

ob=(3)
fl=(177)
fn=(638)
307 2
+10 2
+10 4
-82 1
372 3
+1 3
+4 1
+56 4
309 1
449 1
+10 3
-10 1
+10 1
+12 2
-5 4
+5 4
+1 12
-41 8
+2 14
+2 12
+28 12
+3 8
+11 2
+5 3
+1 1
+12 2
+11 6
+18 9
324 2

fl=(171) ./stdio-common/./stdio-common/vfscanf-internal.c
fn=(608) __vfscanf_internal
278 13
+10 5
+1 1
fi=(178) ./stdio-common/../include/scratch_buffer.h
78 1
fe=(171)
289 1
fi=(178)
77 2
fe=(171)
339 1
fi=(178)
77 1
fe=(171)
339 4
+6 4
+3 4
+4 2
+13 1
-6 1
+8 2
-8 1
+8 1
+5 1
-5 1
+5 6
cfi=(166) ./nptl/./nptl/libc-cleanup.c
cfn=(586) __libc_cleanup_push_defer
calls=1 24 
* 10
* 3
+9 1
-4 1
+4 3
570 1
284 1
-1 1
+10 1
-11 1
570 2
2429 4
328 2
+4 1
-5 1
-1 1
-1 1
-12 1
2180 1
2429 1
2180 5
418 2
+24 2
+1 2
-62 4
3015 5
222 2
+1 2
-1 1
488 1
222 1
488 2
222 1
488 2
372 11
482 1
+22 4
+25 1
-4 4
+7 10
+71 1
-67 1
-4 1
+80 2
+5 1
-1 2
+1 2
+1 3
+3 3
+1 8
+6 3
+3 2
-3 1
+3 4
-3 2
+4 7
+1 5
+4 2
-4 2
cfi=(164) ./libio/./libio/genops.c
cfn=(634) _IO_sputbackc
calls=1 +2 
* 19
+4 8
-9 2
cfi=(164)
cfn=(610) __uflow
calls=1 299 
* 475
* 2

ob=(1)
fl=(29)
fn=(80)
363 1
+4 1
+1 1
+1 1
+1 1
+1 1
+4 1
+2 1
+39 7
+1 7
+1 7
+1 7
+1 7
+7 3
+1 3
+1 3
+1 3
+1 3
+1 3
+1 3
+11 3
+1 3
+2 3
+1 3
+1 3

fl=(16) ./elf/../sysdeps/x86/cpu-features.c
fn=(40) update_active.constprop.0
43 7
+45 1
-41 1
+28 1
-18 1
+31 1
+4 1
-36 1
-1 1
+37 1
-26 1
-11 1
+1 1
+36 2
+1 1
-17 1
-21 1
+25 1
-4 1
-11 1
+28 1
-1 1
-36 1
+18 1
+19 1
-13 1
-4 1
-11 1
+19 1
+11 1
-3 1
-12 1
+14 1
-29 1
+18 1
+9 1
-18 1
+13 1
-13 1
-9 1
+29 2
+3 1
-14 1
-9 1
+9 1
+4 1
+10 1
-17 1
+7 1
+5 1
+5 1
+1 1
-1 1
+1 2
+2 2
+1 4
+3 1
+1 1
-1 1
+1 1
-1 1
+1 1
-1 1
+1 1
+4 2
+4 2
+2 4
+83 3
+12 2
+1 1
+3 3
+4 1
-4 1
+4 1
+67 3
+4 3
fi=(18) ./elf/../sysdeps/x86/get-isa-level.h
31 1
-3 1
+3 1
-1 2
fe=(16)
296 1
+1 8
-75 3
+1 2
+3 1
-1 1
+9 1
-5 1
+2 1
-2 1
+5 1
fi=(18)
32 3
+4 3
fe=(16)
+83 2
+2 1
+3 2
+10 1
+10 1
-10 1
+10 1
-10 1
+6 1
+4 1
-4 1
-6 1
+6 1
+2 1
-2 1
+2 3
+7 4
fi=(18)
39 3
+1 4
+5 1
-7 1
+7 3
+2 1
+1 2
fe=(16)

ob=(3)
fl=(171)
fn=(608)
3025 13
cfi=(166)
cfn=(588) __libc_cleanup_pop_restore
calls=1 39 
* 8
fi=(178)
85 3
fe=(171)
3029 2
+17 2
+6 12
1398 8
+5 3
+9 6
1733 2
+9 1
fi=(178)
113 4
fe=(171)
1742 2
fi=(178)
113 3
fe=(171)
1740 27
260 8
1797 4
260 8
+3 12
1799 16
+2 36
-68 8
+2 10
+2 5
+67 2
206 1
1811 2
214 2
1812 2
+28 6
cfi=(164)
cfn=(634)
calls=1 635 
* 19
260 3
+3 3
1844 2
1669 1
206 1
1862 2
1669 2
1861 3
+7 3
+3 5
+6 1
-4 2
+18 9
+9 2
1742 5
1435 4
+3 4
1865 1
cfi=(176) ./stdlib/../stdlib/strtol.c
cfn=(636) __strtoul_internal
calls=1 97 
* 165
* 2
+25 2
+1 3
637 2

fl=(83) ./string/../sysdeps/x86_64/multiarch/strnlen.c
fn=(294) strnlen
31 2
fi=(84) ./string/../sysdeps/x86_64/multiarch/ifunc-avx2.h
+2 10
-1 4
+2 6
+2 4
+4 6
+3 8
fe=(83)
-12 2

fl=(105) ./string/../sysdeps/x86_64/multiarch/strcasecmp.c
fn=(346) strcasecmp
31 1
fi=(220)
+1 5
fe=(105)
-1 1

fl=(211) ./stdlib/./stdlib/exit.c
fn=(900) __run_exit_handlers
40 11
+5 2
+3 5

ob=(1)
fl=(16)
fn=(40)
fi=(18)
49 3
+2 4
+1 2
+1 2
+6 1
-4 1
+4 1
-3 2
fe=(16)
+75 1
-5 2
+4 1

fn=(34) init_cpu_features.constprop.0
399 1
+16 1
-16 6
+3 1
+1 1
+1 1
+11 2
+3 6
593 1
+94 5
+1 1
+3 2
+1 1
+6 1
+3 1
fi=(19) ./elf/../sysdeps/x86/dl-cacheinfo.h
+5 1
+2 1
fe=(16)
-9 1
fi=(19)
+23 2
840 1
+46 1
-46 17
+45 2
+25 2
+21 2
-21 2
+13 3
+8 1
-8 1
+8 1
cfi=(10) ./elf/./elf/dl-tunables.c
cfn=(24) __tunable_get_val
calls=1 405 
* 21
* 1
+2 2
+3 4
cfi=(10)
cfn=(24)
calls=1 405 
* 21
* 1
+2 1
+3 2
-3 2
+3 1
-3 1
+3 1
cfi=(10)
cfn=(24)
calls=1 405 
* 21
* 1
+1 5
+16 2
-12 5
cfi=(10)
cfn=(24)
calls=1 405 
* 21
* 1
+1 3
+23 1
-17 5
+3 3
-3 1
cfi=(10)
cfn=(24)
calls=1 405 
* 21
+3 3
-3 2
+3 9
cfi=(10)
cfn=(54) __GI___tunable_set_val
calls=1 157 
* 58
+1 9
cfi=(10)
cfn=(54)
calls=1 157 
* 58
+1 10
cfi=(10)
cfn=(54)
calls=1 157 
* 58
+3 8
cfi=(10)
cfn=(54)
calls=1 157 
* 58
+2 8
cfi=(10)
cfn=(54)
calls=1 157 
* 58
+4 1
fe=(16)
706 1
fi=(19)
967 2
fe=(16)
706 2
fi=(19)
967 4
fe=(16)
706 1
cfi=(10)
cfn=(24)
calls=1 405 
* 19
+4 3
+14 1
-1 2
+1 3
+47 1
-1 1
+1 1
+46 4
cfi=(10)
cfn=(24)
calls=1 405 
* 19
+2 4
cfi=(10)
cfn=(24)
calls=1 405 
* 19
fi=(21) ./elf/../sysdeps/unix/sysv/linux/x86/cpu-features.c
27 6
fe=(16)
829 2
+45 8
fi=(19)
+19 11
fe=(16)
775 3
+27 2
-10 2
+1 2
+2 3
+1 2
+2 3
+1 2
fi=(19)
-75 3
cfn=(46) handle_intel.constprop.0
calls=1 255 
* 437
+1 1
-1 2
+1 1
cfn=(46)
calls=1 255 
* 478
+1 1
-1 1
+1 1
cfn=(46)
calls=1 255 
* 503
+3 1
-3 2
+3 1
cfn=(46)
calls=1 255 
* 459
+2 1
-2 1
+2 1
cfn=(46)
calls=1 255 
* 451
+3 1
-2 1
-1 1
+3 1
cfn=(46)
calls=1 255 
* 428
+2 1
-2 1
+2 1
cfn=(46)
calls=1 255 
* 429
+3 1
-2 1
-1 1
+3 1
cfn=(46)
calls=1 255 
* 469
+2 1
-2 1
+2 1
cfn=(46)
calls=1 255 
* 470
+3 1
-3 1
+3 1
cfn=(46)
calls=1 255 
* 494
+2 1
-2 1
+2 1
cfn=(46)
calls=1 255 
* 495
+2 1
-2 1
+2 1
cfn=(46)
calls=1 255 
* 790
+2 3
-2 1
+2 1
cfn=(52) get_common_cache_info.constprop.0
calls=1 481 
* 215
863 15
fe=(16)
424 6
cfn=(36) get_common_indices.constprop.0
calls=1 -99 
* 71
303 3
+1 2
+1 6
+5 2
+1 6
+5 2
+1 6
429 1
cfn=(40)
calls=1 43 
* 194
+2 1
+2 1
+83 1
-85 2
564 2
+7 2
+2 1
+4 2
+6 2
422 2
-3 1
+14 3
+1 4
+69 1
+10 11
+42 1
+1 1
434 11
+55 3

fn=(36)
325 1
+4 4
+3 3
+5 2
-5 1
+5 1
-5 1
+4 1
+1 1
+1 4
+1 4
+1 3
+1 2
+7 2
+2 5
+5 1
-5 1
+5 1
-5 1
+5 1
-5 2
+5 1
+7 1
-7 4
+7 1
+1 3
+6 1
-6 4
+6 1
fi=(17) ./elf/../sysdeps/unix/sysv/linux/x86/dl-minsigstacksize.h
24 2
+3 2
+1 2
+37 3
+7 1
+2 1
fe=(16)
384 2

fl=(75) ./elf/./elf/dl-version.c
fn=(254) _dl_check_all_versions
361 6
+4 5
-2 2
+4 24
cfn=(256) _dl_check_map_versions
calls=4 155 
* 3683
-2 4
+2 12
-1 4
-1 8
+5 7

fn=(256)
155 32
+15 4
-15 8
+15 8
+2 20
+2 4
+1 4
-1 4
+1 4
+2 8
+3 4
-16 2
-8 2
+28 2
-4 2
+4 4
+16 2
36 4
200 2
36 10
+1 5
-1 10
+2 21
cfi=(54) ./elf/./elf/dl-misc.c
cfn=(174) _dl_name_match_p
calls=7 +30 
* 805
* 14
208 6
+5 2
-71 4
+71 6
+8 2
-2 2
-2 4
+4 2
-4 12
+4 5
-2 5
-2 10
+4 5
-4 50
56 28
+8 21
+6 21
+16 7
+1 14
+2 7
+5 63
+14 136
+12 183
+4 61
-30 122
224 28
+3 21
+5 5
-11 5
110 7
+3 28
cfi=(32) ./string/../sysdeps/x86_64/strcmp.S
cfn=(90) strcmp
calls=7 -5 
* 289
* 30
236 8
+14 4
+3 8
+10 42
-7 168
+3 126
-3 8
+3 6
+8 6
+6 3
fi=(28) ./elf/../include/rtld-malloc.h
44 3
fe=(75)
273 3
fi=(28)
44 3
cfi=(27) ./elf/./elf/dl-minimal-malloc.c
cfn=(72) __minimal_calloc
calls=3 +34 
* 108
fe=(75)
272 3
fi=(28)
44 3
fe=(75)
274 6
+13 3
-3 3
+3 12
+2 9
+3 8
+4 6
+7 7
+1 7
-1 21
+1 7
+1 7
-2 7
+2 14
+1 21
+3 21
+5 5
-15 5
+2 5
-2 5
+2 5
-2 5
+2 10
-2 2
+2 2
-2 2
+2 2
-2 2
+2 4
+16 6
+39 36
-29 9
+3 8
+4 42
+6 42
+1 42
+1 42
-1 126
+1 42
-1 42
+1 42
+1 42
+3 126
+4 42
-14 88
+10 6
164 2
+86 2
-94 2
+94 3

fl=(130) ./elf/./dl-find_object.h
fn=(418) _dl_find_object_from_map
95 8
+1 8
+1 4
+6 20
+1 119
+1 82
+2 12
+5 4

fl=(14) ./elf/../sysdeps/unix/sysv/linux/brk.c
fn=(28) brk
35 1
+1 3
+1 2
+6 1
+1 1

fl=(55) ./io/../sysdeps/unix/sysv/linux/open64_nocancel.c
fn=(178) __open_nocancel
28 13
+3 13
-3 39
+3 78
+8 91
+2 3
-2 30
+2 10

fl=(133) ./elf/../sysdeps/nptl/dl-mutex.c
fn=(432) __rtld_mutex_init
30 2
+10 3
-10 1
+10 2
-10 1
+7 1
+3 2
cfi=(134) ./elf/./elf/dl-lookup-direct.c
cfn=(434) _dl_lookup_direct
calls=1 +34 
* 175
+4 2
+1 8
+2 3
-2 1
+2 3
cfi=(134)
cfn=(434)
calls=1 +27 
* 198
+4 2
+1 6
+1 2
-1 1
+1 2

fl=(39) ./elf/../sysdeps/x86_64/dl-hwcaps-subdirs.c
fn=(110) _dl_hwcaps_subdirs_active
29 1
fi=(18)
+2 1
fe=(39)
+7 1
fi=(18)
-7 2
-1 2
fe=(39)
+22 1
fi=(18)
-20 3
+4 1
fe=(39)
+2 1
fi=(18)
-2 2
+3 4
+1 4
+5 1
fe=(39)
-7 1
fi=(18)
+7 3
fe=(39)
-2 1
fi=(18)
+5 2
+1 3
+2 4
+1 2
+1 2
+6 1
fe=(39)
-11 1
fi=(18)
+11 1
-3 2
fe=(39)

fl=(59) ./io/../sysdeps/unix/sysv/linux/fstatat64.c
fn=(192) fstatat
153 26
-55 26
+70 30
+1 4
-2 18
+1 18

fl=(50) ./string/../sysdeps/x86_64/strcspn.S
fn=(158) strcspn
25 1
+2 1
+7 1
+1 1
+2 1
+1 1
+1 1
+1 1
+1 33
+3 3
+7 1
+1 1
+1 1
+1 1
+2 1
+1 1
+1 1
+1 1
+2 1
+1 1
+1 1
+9 3
+12 1
+2 1
+1 1
+1 1
-4 12
+2 12
+1 12
+1 12
+2 13
+1 13
+1 13
+2 13
+1 13
+1 13
+2 13
+1 13
+1 13
+2 1
+1 1
+1 1
+2 1
+7 1
+4 1

fl=(46) ./elf/./elf/dl-debug.c
fn=(152) _dl_debug_state
116 2
+1 2

fn=(146) _dl_debug_initialize
56 1
+3 2
+4 1
-6 1
+4 1
+2 2
+22 2
+5 2
+1 1
+1 1
-1 1
-1 1
+5 2
+4 2
+8 2
-43 2
+32 6

fn=(186) _dl_debug_update
38 3
+3 3
-1 6
+4 6
+4 3

fl=(66) ./elf/./elf/dl-deps.c
fn=(210) _dl_map_object_deps
159 5
+1 3
-1 1
+1 1
-1 2
+1 1
-1 3
+1 1
-1 4
+1 12
-8 1
-7 1
+15 1
-14 1
+6 1
+8 1
-15 1
+7 1
-8 1
+1 1
+7 1
-7 1
+31 3
-28 3
-2 1
+31 1
-33 2
+2 2
+30 2
-30 1
-1 4
+7 4
+24 2
-32 1
+60 1
-60 2
+36 1
fi=(74) ./elf/../include/scratch_buffer.h
77 3
fe=(66)
198 1
fi=(74)
78 1
fe=(66)
200 2
+98 1
198 1
+4 1
+7 1
+4 4
-4 3
+4 12
+11 12
-18 2
+18 4
433 12
+2 2
+3 2
-3 4
+3 2
fi=(28)
56 2
cfi=(27)
cfn=(76) __minimal_malloc
calls=2 -21 
* 50
* 2
fe=(66)
439 4
+6 2
+1 10
cfi=(29)
cfn=(80)
calls=2 212 
* 22
+1 10
cfi=(29)
cfn=(80)
calls=2 212 
* 22
+4 2
-1 2
+5 16
204 9
458 9
-1 4
+1 8
199 3
+27 10
+5 2
+6 2
-5 2
-1 2
+2 4
+4 8
-31 2
+31 2
+1 6
+6 8
cfi=(31) ./elf/./elf/dl-load.c
cfn=(212) _dl_dst_count
calls=2 -6 
* 108
* 6
+4 4
-2 2
+2 4
cob=(2) ???
cfi=(51) ???
cfn=(164) 0x0000000004002050
calls=2 0 
* 6948
+1 4
+9 2
+2 4
+5 10
+6 2
+2 2
-8 4
+3 2
+1 2
+1 2
+1 2
+4 10
+4 6
+1 3
-43 188
+1 90
+44 135
-38 4
fi=(74)
85 3
fe=(66)
464 6
+1 1
+3 4
+11 3
fi=(28)
56 1
cfi=(27)
cfn=(76)
calls=1 -21 
* 25
* 1
fe=(66)
481 2
+5 3
+1 1
-1 2
+4 2
-2 1
+2 1
-2 2
+13 3
+5 3
-16 9
-2 3
+6 3
+7 3
-2 6
-5 1
+7 1
-2 2
+2 2
+5 1
-16 6
+19 2
+52 3
+37 3
+15 1
-11 1
+11 1
-14 2
+20 1
-1 3
+1 3
-1 5
cfi=(12) ./elf/./elf/dl-sort-maps.c
cfn=(246) _dl_sort_maps
calls=1 290 
* 260
+5 1
+3 1
-1 1
+2 2
+7 3
+3 3
+3 8
214 25
+3 2
fi=(74)
-86 6
cfi=(73) ./malloc/./malloc/scratch_buffer_set_array_size.c
cfn=(240) __libc_scratch_buffer_set_array_size
calls=2 30 
* 40
fe=(66)
+86 4
+4 6
613 2
cfi=(29)
cfn=(80)
calls=1 212 
* 11
* 1
-53 2
160 2
380 6

fn=(214) openaux
61 6
+7 2
-4 4
+1 2
-1 16
cfi=(31)
cfn=(172) _dl_map_object
calls=2 2022 
* 6790
* 2
+5 4

fl=(1) ???
fn=(0) 0x0000000000020290
0 2
cfi=(2) ./elf/./elf/rtld.c
cfn=(2) _dl_start
calls=1 527 
0 146003
0 14
cfi=(144) ./elf/./elf/dl-init.c
cfn=(474) _dl_init
calls=1 77 
0 361
0 3
cob=(5) /home/rinat/Документы/Huawei/Hash-table/hash2
cfi=(150) ???
cfn=(508) (below main)
calls=1 0 
0 15225139

fl=(134)
fn=(434)
74 30
+2 3
-2 3
+4 3
-4 3
+2 3
+2 9
+37 3
-37 9
+1 6
+2 12
+3 25
-52 3
+54 6
-54 3
+54 3
-54 9

ob=(3)
fl=(211)
fn=(900)
98 1
-42 1
+2 3
+8 6
+2 1
+3 1
-3 1
+3 6
+34 1
+1 1
+1 1
-2 1
+7 1
-3 2
+3 3
+1 3
cob=(1)
cfi=(213) ./elf/./elf/dl-fini.c
cfn=(904) _dl_fini
calls=1 -82 
* 818
+1 4
+10 2
+1 2
-63 1
+69 4
+2 2
+1 6
cfi=(164)
cfn=(952) _IO_cleanup
calls=1 863 
* 548
* 3
+2 2
cfi=(219) ./posix/../sysdeps/unix/sysv/linux/_exit.c
cfn=(966) _Exit
calls=1 27 
* 5
-90 1
cfi=(212) ./stdlib/./stdlib/cxa_thread_atexit_impl.c
cfn=(902) __call_tls_dtors
calls=1 149 
* 12
* 1

fn=(898) exit
142 3
+1 3
-1 1
+1 1
cfn=(900)
calls=1 40 
* 1462

fl=(195) ./io/../sysdeps/unix/sysv/linux/write.c
fn=(836) write
25 14
+1 98
+1 14

fl=(158) ./malloc/./malloc/malloc.c
fn=(740) _int_free
4421 13016
+10 1627
-10 4881
+10 3254
+6 8135
+1 3254
+4 6508
+8 8135
-1 3254
+1 3254
+29 1610
-20 1610
-6 1610
+6 3220
+20 6440
+14 3152
+11 6052
+2 4539
2012 4539
4527 1513
+1 1513
+4 4539
+2 4539
+4 3026
+2 6052
+1 1513
+19 3854
+1 1656
4702 17897
4569 126
+3 63
+3 189
+7 63
-4 63
+4 126
+3 126
+5 189
+3 126
+1 126
+1 126
2012 189
4601 126
+1 1
+2 1
-1 1
+2 4
+2 2
cfn=(752) unlink_chunk.constprop.0
calls=1 1626 
* 25
+3 126
+5 112
+4 56
+9 56
-1 56
+1 168
+1 112
+2 56
+2 112
+5 56
+1 56
+2 168
+1 56
+30 126
+20 189
3181 51
+4 51
-4 51
+2 204
+1 51
+1 51
4482 51
4635 30
+38 21
+3 14
+2 7
-2 7
-23 7
+1 21
+1 14
-68 189
-2 126
+93 28

fn=(752)
1626 236
+2 1180
+3 472
+1 236
-1 708
+3 944
+3 236
+1 236
+1 514
+2 26
+1 78
+3 26
+14 13
+1 26
+3 472

fn=(780) realloc
3400 16100
+6 3220
+4 3220
+7 3220
+11 1610
-2 1610
+5 1610
-3 3220
+2 3220
+4 4830
fi=(159) ./malloc/./malloc/arena.c
162 4830
fe=(158)
3442 6440
+1 3220
1343 3220
+19 9660
3452 3220
+31 4830
+2 8050
cfn=(784) _int_realloc
calls=1610 4818 
* 483417
* 1610
+1 8050
fi=(159)
162 4830
fe=(158)
3486 3220
+29 14490

fn=(784)
4818 11270
+11 6440
+1 8050
+6 3220
+2 3220
+1 4830
+2 6440
+3 3220
+89 14490
-79 3220
+12 3220
+12 4830
cfn=(566) _int_malloc
calls=1610 1343 
* 199652
* 1610
+1 3220
+3 1610
+1 1610
+5 3220
+8 1610
-1 1610
+4 1610
-3 9660
+3 1610
cob=(2)
cfi=(51)
cfn=(702) 0x0000000004884620
calls=1610 0 
* 39026
+1 6440
cfn=(740)
calls=1610 4421 
* 136869
+2 1610

fn=(564) tcache_init.part.0
3235 3
+9 8
+1 3
cfn=(566)
calls=1 1343 
* 367
* 1
+1 2
+8 4
+7 2
+2 1
+1 2
-1 1
+1 86
+3 4

fn=(568) sysmalloc
2548 54
+20 24
+11 12
+1 18
+26 6
+1 18
+1 6
+9 44
+6 18
+3 18
2941 12
+1 6
+5 12
+3 12
+5 12
-2 6
+2 6
-1 6
+1 6
-3 6
+3 6
+1 6
-1 18
+1 6
+2 12
+6 66
2687 12
+9 24
+13 18

ob=(1)
fl=(134)
fn=(434)
33 9
+2 6
+1 6
+12 12
+3 3
+2 3
-2 3
+2 9
cfi=(32)
cfn=(90)
calls=3 +55 
* 207
* 6
+4 6
+1 3
-1 3
+1 18
+1 9
cfi=(32)
cfn=(90)
calls=3 +49 
* 75
* 6
+57 27
-23 6

fl=(44) ./string/../sysdeps/x86_64/multiarch/memset-vec-unaligned-erms.S
fn=(132) memset
125 7
+1 35
+6 7
+1 7
+1 7
+1 7
+2 1
+1 1
+1 1
+65 4
+1 4
+2 4
+76 6
+1 6
+5 6
+3 6
+1 6
+3 2
+1 2
+13 2
+1 2
+2 2
+3 1
+3 2
+3 1
+1 1
+1 1
+1 1
+1 1
+1 1
+1 1
-6 27
+1 27
+1 27
+1 27
+1 27
+1 27
+1 27
+3 2
+1 2
+1 2
+1 2
+5 2

fl=(144)
fn=(474)
77 12
+1 1
+1 1
+3 3
+8 2
+25 1
+1 5
+1 2
-86 4
+86 6
-86 12
+2 20
cfn=(476) call_init.part.0
calls=3 -7 
* 199
+83 12
+7 8
-92 4
+2 6
cfn=(476)
calls=1 -7 
* 61
+52 2

fn=(476)
26 32
+13 4
-13 4
+16 4
-3 8
+3 8
+5 6
+8 9
+1 6
cob=(2)
cfi=(51)
cfn=(478) 0x000000000483f000
calls=1 -56 
* 26
+3 3
+1 6
+6 2
+2 2
-2 1
+3 7
+1 4
cob=(3)
cfi=(149) ./libio/./libio/vtables.c
cfn=(504) check_stdfiles_vtables
calls=1 +13 
* 12
* 4
cob=(3)
cfi=(146) ./csu/./csu/init-first.c
cfn=(496) _init_first
calls=1 -24 
* 80
-1 6
+3 24
-29 2

fl=(65) ./io/../sysdeps/unix/sysv/linux/access.c
fn=(208) access
25 1
+2 7
+4 1

fl=(42)
fn=(118)
23 15
+1 15
+1 15
+1 15
+1 15
+1 15
+1 15
+1 15
+1 15
+1 15
+1 15
+1 15
+1 15
+1 15
+1 15
+1 15
+1 15
+1 15
+1 13
+4 13
+1 13
+1 13
+1 13
+2 13
+4 2
+1 2
+1 2
+1 2
+1 2
+1 2
+1 2
+1 2
+1 2
+1 2
+1 2
+1 2
+1 2
+1 2
+1 2
+1 2
+1 2
+1 2
+1 2
+1 2
+1 2
+1 2
+1 2
+1 2
+52 2
+4 2
+1 2
+1 2
+1 2
+2 2

fl=(52) ./elf/./elf/dl-error-skeleton.c
fn=(250) _dl_receive_error
238 6
+1 1
+1 1
+3 1
+1 1
+2 1
cfi=(2)
cfn=(252) version_check_doit
calls=1 696 
* 3766
+2 1
+1 1
+1 4

fn=(162) _dl_catch_error
225 10
+2 2
cob=(2)
cfi=(51)
cfn=(164)
calls=1 0 
* 2759
+1 2
+1 1
+1 1
-1 1
+1 1
+2 5

fn=(166) _dl_catch_exception
175 9
+5 3
-5 9
+5 3
-2 6
+22 3
-1 3
+7 6
-6 3
+3 6
+3 3
cfi=(53) ./setjmp/../sysdeps/x86_64/setjmp.S
cfn=(168) __sigsetjmp
calls=3 30 
* 72
* 12
+2 9
cfi=(66)
cfn=(214)
calls=2 61 
* 6826
cfi=(2)
cfn=(170) map_doit
calls=1 663 
* 2698
+2 3
-1 3
+1 3
-1 3
+1 6
+9 12

fl=(27)
fn=(144) __minimal_free
95 3
+2 12

fn=(76)
35 120
+1 24
+11 24
-11 48
+11 48
+3 24
-3 24
+3 136
+18 24
+1 24
+2 96
-16 8
+1 4
+2 2
+1 14
cfi=(60) ./misc/../sysdeps/unix/sysv/linux/mmap64.c
cfn=(194) mmap
calls=2 -12 
* 18
* 2
+2 4
+2 4
+2 2
+4 2
-4 4
-23 1
-1 1
+1 1
+1 2
-2 2

fn=(72)
78 8
+4 8
-4 32
+7 8
+1 24
fi=(28)
-30 8
cfi=(27)
cfn=(76)
calls=8 -21 
* 235
fe=(27)

fl=(12)
fn=(248) dfs_traversal.part.0
140 64
+10 8
-2 8
+2 16
+2 20
+3 20
-3 40
+9 16
+15 24
+1 8
+1 48
-17 12

fn=(246)
290 20
+8 2
-8 2
+8 4
+4 16
-79 4
-37 2
+37 2
-36 8
+1 2
-1 2
+1 2
-1 4
+1 6
-1 6
+1 6
-1 12
+36 30
+8 6
-3 2
+2 2
+1 2
-8 2
+5 2
+3 8
+2 18
+2 8
-90 40
cfn=(248)
calls=8 -5 
* 284
+93 16
+18 4
+13 2
+33 2
-26 8
cfi=(29)
cfn=(80)
calls=2 -64 
* 22
* 2

fn=(22) _dl_sort_maps_init
281 2
+1 4
cfi=(10)
cfn=(24)
calls=1 405 
* 20
+2 3
-1 1
+2 2

fl=(22)
fn=(60)
41 16
+44 16
+1 16
+1 16
+1 16
+1 16
+1 16
+1 16
+2 16
+2 16
+31 16
+1 16
+1 16
+1 16
+1 16
+1 10
+2 10
+4 6
+1 6
+1 6
+1 6
+1 6
+1 6
+1 6
+1 6
+1 6
+1 6
+1 6
+1 6
+5 48

fl=(38) ./elf/./elf/dl-hwcaps.c
fn=(108) _dl_important_hwcaps
175 5
+1 1
-1 6
+1 1
-1 1
+1 1
-1 1
+1 1
-1 1
+1 2
cfi=(10)
cfn=(24)
calls=1 405 
* 21
* 1
+2 2
+1 3
+26 2
-26 1
+25 1
cfi=(39)
cfn=(110)
calls=1 29 
* 47
fi=(40) ./elf/./dl-hwcaps.h
54 1
fe=(38)
205 1
-1 1
fi=(40)
56 1
+32 1
+1 1
+1 1
fe=(38)
-35 2
cfi=(41)
cfn=(116)
calls=1 -4 
* 13
* 2
fi=(40)
-1 1
+2 2
-2 1
+34 2
+1 2
+1 1
fe=(38)
-32 2
-1 2
+1 2
+1 2
-1 2
-3 4
cfi=(41)
cfn=(116)
calls=2 -4 
* 114
* 2
cfi=(41)
cfn=(116)
calls=1 -4 
* 122
* 6
+48 5
fi=(28)
-47 1
cfi=(27)
cfn=(76)
calls=1 -21 
* 25
fe=(38)
+47 1
+2 2
+3 2
fi=(40)
-52 1
fe=(38)
+55 1
-3 1
fi=(40)
-54 2
+3 1
fe=(38)
+58 2
cfi=(41)
cfn=(122)
calls=1 -90 
* 12
* 2
fi=(40)
-61 1
+2 2
-2 1
+34 2
+1 2
+1 1
fe=(38)
+40 4
+1 2
-1 6
+2 2
+1 2
-2 6
-3 4
cfi=(41)
cfn=(116)
calls=2 -77 
* 114
* 2
cfi=(41)
cfn=(116)
calls=1 -77 
* 122
* 6
+8 2
+9 1
-15 1
+15 2
-15 1
+15 8
+9 2
+4 7
cfi=(43) ./string/../sysdeps/x86_64/memcmp.S
cfn=(124) bcmp
calls=1 22 
* 41
+1 2
+1 1
+4 1
+1 2
+1 1
-20 2
+19 1
+1 1
-20 2
-1 4
+70 1
+1 1
+4 1
-5 2
+1 4
+4 2
-4 1
+4 4
+1 1
-1 1
+1 2
+1 2
-2 5
+1 1
-1 1
+1 2
+1 2
-2 5
+5 1
+3 2
-3 2
+3 15
+7 1
-7 2
+2 3
+1 4
+2 1
fi=(221) ./elf/../sysdeps/x86/dl-hwcap.h
57 1
fe=(38)
233 2
fi=(221)
57 1
fe=(38)
233 2
fi=(221)
57 1
fe=(38)
233 1
+1 1
cfi=(22)
cfn=(60)
calls=1 41 
* 17
+1 1
+1 1
-6 1
+4 1
+1 1
-5 1
+5 1
+1 1
-1 2
-5 4
+10 3
-2 3
+2 1
+1 1
+1 1
-1 1
+4 4
+1 1
-1 1
+4 2
+4 1
-1 1
+1 4
-1 2
+4 3
+1 3
+19 10
+6 2
fi=(28)
56 1
cfi=(27)
cfn=(76)
calls=1 -21 
* 25
* 1
fe=(38)
283 2
+8 1
fi=(40)
54 1
+2 1
+34 1
-2 2
fe=(38)
-5 1
291 1
fi=(40)
54 1
+35 1
fe=(38)
291 1
fi=(40)
90 1
fe=(38)
-10 2
cfi=(41)
cfn=(116)
calls=1 -29 
* 13
* 2
fi=(40)
-26 2
+2 1
fe=(38)
+27 1
fi=(40)
-29 1
+34 2
+1 2
+1 1
fe=(38)
-8 2
+1 4
+7 2
-7 10
cfi=(29)
cfn=(128)
calls=2 199 
* 26
+4 2
+2 2
+2 2
-2 4
-9 4
cfi=(41)
cfn=(116)
calls=2 -29 
* 114
* 2
cfi=(41)
cfn=(116)
calls=1 -29 
* 122
* 6
304 1
+2 1
-2 1
-48 2
+72 1
-72 1
376 2
+13 2
-58 1
+45 1
+13 1
-58 1
-75 1
+82 1
+10 2
-92 1
+88 1
+4 3
-4 1
+3 7
-3 2
-3 1
+3 1
cfi=(29)
cfn=(128)
calls=1 199 
* 18
* 2
-3 1
+3 1
cfi=(29)
cfn=(128)
calls=1 199 
* 18
* 2
+3 2
-3 4
+3 5
+1 12
+1 2
-2 1
+2 1
cfi=(29)
cfn=(128)
calls=1 199 
* 15
* 2
-2 2
+5 8
cfi=(29)
cfn=(128)
calls=2 199 
* 30
* 4
+2 5
+5 6
+1 1
-1 3
+1 7
-1 25
+5 11
+4 1
-1 1
+1 2
-4 12
+4 2
-1 2
+1 13
-1 9
+1 18
+1 24
-1 12
-1 12
+2 24
-1 24
-1 24
+4 9
+3 1
+2 2
-1 1
-1 1
+2 1
-2 1
+2 2
-1 1
+1 2
+2 6
+1 2
+3 2
-6 2
+6 3
+7 8
+1 1
-1 2
+3 2
-3 3
+1 3
-1 6
+3 6
+3 4
-80 2
+86 9
-20 1
+1 2
-6 3
259 2
+1 2
+1 4
-1 3
+12 4
-44 2
+34 4
-2 3

fl=(23) ./elf/../misc/sbrk.c
fn=(62) sbrk
37 5
+3 1
+18 2
+4 2
+16 5

fl=(26) ./elf/./elf/dl-object.c
fn=(70) _dl_new_object
59 42
+3 6
+18 2
+3 2
-3 2
+3 2
cfi=(22)
cfn=(60)
calls=2 -42 
* 52
+4 4
-4 4
+9 4
fi=(28)
-48 6
cfi=(27)
cfn=(72)
calls=2 +34 
* 100
fe=(26)
+48 1
fi=(28)
-48 3
cfi=(27)
cfn=(72)
calls=1 +34 
* 43
* 3
fe=(26)
+51 6
+5 3
-2 3
+6 3
-4 3
+4 3
-5 3
+4 3
+1 3
-1 3
+1 6
cfi=(29)
cfn=(80)
calls=3 212 
* 44
* 6
+2 3
+13 6
+6 1
+2 7
+3 2
-3 14
+3 4
+9 3
-7 3
+4 3
+3 15
+2 1
-2 3
+2 15
-2 45
+16 6
-5 3
+5 3
-6 3
+6 3
-6 3
+6 6
+2 4
+3 4
-3 4
+7 8
+4 4
+8 2
+3 2
+10 3
-10 4
+10 6
+2 2
+21 2
-21 2
cfi=(22)
cfn=(60)
calls=2 41 
* 70
* 6
+17 2
-13 6
+50 6
cfi=(29)
cfn=(128)
calls=2 -46 
* 34
* 2
+5 4
+1 4
-1 80
+1 80
+2 4
+3 2
+3 2
+4 27
131 8
-12 4
+34 1
+7 4
+8 8
fi=(28)
56 4
cfi=(27)
cfn=(76)
calls=2 -21 
* 50
* 2
fe=(26)
200 8
64 2
+2 3
+1 2
+10 5
-6 2

fn=(82) _dl_add_to_namespace_list
31 6
+2 3
-2 6
+2 3
-2 6
+2 3
cfi=(24) ./elf/../sysdeps/nptl/dl-tls_init_tp.c
cfn=(84) rtld_mutex_dummy
calls=3 +9 
* 9
+2 23
+3 20
+2 2
+2 2
+4 2
+4 2
-4 4
+1 2
+4 2
-4 2
+1 2
+3 2
-3 2
+3 2
-1 2
cfi=(24)
cfn=(84)
calls=2 -8 
* 6
-4 1
+4 1
-4 2
+1 1
+4 1
-4 1
+1 1
+3 1
-3 1
+3 1
-1 1
cfi=(24)
cfn=(84)
calls=1 -8 
* 3
-5 2

fl=(77) ./elf/../sysdeps/x86/dl-cet.c
fn=(270) _dl_cet_check
252 8
42 1
+9 1
-10 1
+4 1
-4 1
+3 1
+4 2
+1 2
-1 2
+14 2
254 8

fl=(10)
fn=(54)
157 15
-55 5
+55 5
-55 5
+55 5
-55 35
+9 5
+1 5
fi=(222) ./elf/./dl-tunable-types.h
-22 10
fe=(10)
+22 20
+1 40
fi=(11) ./elf/./elf/dl-tunables.h
+8 10
+1 5
fe=(10)
-6 15
fi=(11)
+15 5
fe=(10)
-12 10
+4 10
+7 10
+1 10
+3 30
+1 5
+1 5
+1 5
+24 5
fi=(11)
-30 15
fe=(10)

fn=(18) __GI___tunables_init
282 9
-9 7
71 200
+6 65
-3 65
+3 6424
-3 65
-3 130
357 8
81 130
+5 195
fi=(11)
+54 65
fe=(10)
-54 65
fi=(11)
+54 65
+1 174
-1 154
+1 44
-1 65
+1 130
fe=(10)
323 260
-18 9100
+6 14300
fi=(11)
140 585
+1 1170
-1 12
+1 48
-1 60
fe=(10)

fn=(24)
405 33
+3 231
+9 33
-9 126
+9 10
+17 165
+2 33
-9 23
+1 23

fl=(2)
fn=(2)
527 10
85 1
fi=(6) ./elf/../sysdeps/x86_64/dl-machine.h
-40 1
fe=(2)
557 1
-4 1
85 2
556 1
85 1
fi=(3) ./elf/./get-dynamic-info.h
-40 1
fe=(2)
556 1
fi=(3)
45 2
+9 1
+5 1
+3 1
+2 1
+4 1
-7 1
-3 1
-3 14
+13 4
-23 16
+23 14
-23 56
+4 36
+5 20
+2 5
+3 4
fi=(4) ./elf/../sysdeps/generic/ldsodefs.h
+21 1
fi=(3)
-8 3
+10 4
+1 4
+1 4
+1 4
+2 4
+5 4
+1 4
+1 4
+3 3
+5 2
+7 3
+1 3
+8 2
+1 2
+5 3
+3 3
fe=(2)
573 1
fi=(6)
71 1
fe=(2)
573 42
fi=(6)
414 1
fi=(5) ./elf/./elf/do-rel.h
86 1
fe=(2)
573 2
fi=(5)
49 1
+37 1
-37 1
+37 1
+2 1
-2 1
+2 1
-2 1
+27 2
-27 1
fe=(2)
573 2
fi=(5)
49 1
+37 1
-37 1
+37 1
+2 1
-2 1
+2 1
-2 1
+27 3
+1 2
fi=(6)
534 2
fi=(5)
114 282
fi=(6)
534 282
+1 142
fi=(5)
113 142
fi=(6)
535 284
fi=(5)
113 284
+5 4
+8 7
fi=(6)
326 12
fi=(5)
126 21
+2 7
+2 7
-2 7
fi=(6)
287 7
fi=(5)
130 7
-2 7
+1 14
fi=(6)
287 14
+9 70
+3 14
+27 33
fe=(2)
573 6
fi=(5)
50 1
fi=(4)
+30 2
fi=(6)
326 2
+20 12
+1 6
fe=(2)
575 1
+13 1
cfi=(7) ./elf/./elf/dl-minimal.c
cfn=(12) __rtld_malloc_init_stubs
calls=1 42 
* 10
+4 2
85 1
488 2
85 3
488 1
cfi=(8) ./elf/./elf/dl-setup_hash.c
cfn=(14) _dl_setup_hash
calls=1 25 
* 29
+2 2
-1 1
+1 2
+17 1
-15 1
-2 1
+17 1
-15 1
+9 1
-11 1
+17 1
cfi=(9) ./elf/../elf/dl-sysdep.c
cfn=(16) _dl_sysdep_start
calls=1 85 
* 143910
* 1
+2 2
+98 9
fi=(3)
62 4
+2 4
fe=(2)
573 3

fn=(156) handle_preload_list
894 10
+5 1
-5 2
+5 2
+6 1
-64 1
+54 3
+7 3
cfi=(50)
cfn=(158)
calls=1 25 
* 233
* 1
+1 3
+9 1
191 1
914 2
191 2
916 2
-80 1
+5 5
-10 1
+8 1
-4 1
+1 1
+1 1
+4 1
cob=(2)
cfi=(51)
cfn=(160) 0x0000000004002080
calls=1 0 
* 2784
+1 3
+8 3
+67 1
-18 2
+21 9
-15 4
cfi=(29)
cfn=(80)
calls=1 212 
* 19
+1 2

fn=(170)
663 2
+2 1
-2 1
+2 1
+1 2
-1 2
+1 3
cfi=(31)
cfn=(172)
calls=1 2022 
* 2683
* 1
+2 2

fn=(258) init_tls
756 3
+2 1
+4 1
-4 1
+4 2
+11 1
fi=(28)
44 1
fe=(2)
768 1
+4 1
fi=(28)
44 1
cfi=(27)
cfn=(72)
calls=1 +34 
* 36
fe=(2)
783 1
-12 1
+6 1
-9 1
+11 1
+4 1
+2 3
-1 2
+3 8
+4 1
+2 1
-2 2
-5 1
-1 2
+10 3
+3 2
cfi=(47) ./elf/../elf/dl-tls.c
cfn=(260) _dl_tls_static_surplus_init
calls=1 97 
* 79
+3 1
cfi=(47)
cfn=(262) _dl_determine_tlsoffset
calls=1 221 
* 76
+7 1
cfi=(47)
cfn=(264) _dl_allocate_tls_storage
calls=1 422 
* 442
* 1
+1 2
+6 1
+3 2
-3 1
+3 6
+3 1
cfi=(24)
cfn=(266) __tls_init_tp
calls=1 68 
* 75
+1 1
+3 5
-39 3
-1 7

fn=(252)
696 3
+2 4
cfi=(75)
cfn=(254)
calls=1 361 
* 3755
* 2
+4 2

fn=(64) dl_main
1320 2
205 1
311 1
1320 2
2818 1
1320 3
2829 1
1320 2
2698 1
1320 2
311 1
1320 3
207 1
310 1
205 1
+99 3
1332 1
cfi=(24)
cfn=(66) __tls_pre_init_tp
calls=1 53 
* 17
2677 3
+6 5
-4 1
+4 1
+2 3
cfi=(25) ./elf/./elf/dl-environ.c
cfn=(68) _dl_next_ld_env_entry
calls=1 28 
* 67
* 4
cfi=(25)
cfn=(68)
calls=2 28 
* 360
* 9
+4 6
-2 2
+2 6
+1 2
-1 6
+1 17
-1 89
+9 12
2845 4
+32 2
1348 1
+1 2
-1 2
+1 2
2774 3
+1 3
-56 2
+7 2
1627 9
cfi=(26)
cfn=(70)
calls=1 59 
* 230
* 1
+2 2
+1 1
+6 2
-6 1
+1 2
+1 3
+4 1
cfi=(26)
cfn=(82)
calls=1 31 
* 36
+1 2
1140 1
1326 1
1169 1
-29 1
+11 1
+18 2
-21 1
+21 1
-19 1
-4 1
+23 1
-21 1
+21 2
+57 1
-83 1
+23 1
+4 1
+19 1
+22 1
+15 5
-56 116
1275 4
+2 1
1169 18
fi=(30) ./elf/../sysdeps/x86/dl-prop.h
105 2
fe=(2)
1282 22
+6 4
cfi=(31)
cfn=(88) _dl_process_pt_gnu_property
calls=1 868 
* 20
-7 26
+1 13
+6 13
-6 26
fi=(30)
212 4
+1 2
95 8
+10 2
212 1
105 1
-2 1
-3 1
+2 1
+3 1
-4 2
+92 4
-1 1
-87 3
+3 3
+1 2
+1 2
+4 3
+4 3
+3 3
+1 2
+4 1
+1 4
+4 2
+1 1
+3 2
+3 1
+1 4
+5 2
+2 2
+5 2
+14 1
-1 2
+2 2
fe=(2)
1174 1
-5 1
+5 2
-5 2
+30 1
-9 1
+27 1
-27 1
+2 1
-3 1
+10 2
-20 2
-10 1
+10 1
+1 9
-11 2
+57 4
-1 4
+1 8
-1 4
+2 8
+1 1
+2 12
+1 14
+4 8
+1 8
+1 4
+1 10
+1 1
+4 1
-74 1
+74 2
-74 2
+74 3
-74 3
+74 6
-74 6
1271 1
1169 1
1271 1
1169 2
1294 1
+3 2
+2 1
-5 2
+3 2
+2 2
+2 2
1662 3
+2 1
-1 1
+1 2
+1 2
-2 1
+2 1
-2 2
cfi=(32)
cfn=(90)
calls=1 108 
* 34
* 2
+7 1
+3 1
-5 1
+3 1
+2 1
+1 2
+4 2
+2 2
fi=(3)
39 3
+6 1
-2 1
+2 2
+9 1
+5 1
+3 1
+2 1
-3 1
-3 1
-3 11
+13 3
-23 12
+23 20
-23 80
+4 46
+5 16
+2 5
+16 3
+25 3
+5 2
+7 2
+1 3
+22 3
+15 3
+22 2
fe=(2)
1688 3
+7 2
cfi=(8)
cfn=(14)
calls=1 25 
* 29
+3 2
fi=(33) ./elf/./setup-vdso.h
24 2
fi=(35) ./elf/../sysdeps/unix/sysv/linux/dl-vdso-setup.h
+21 1
fe=(2)
1723 1
cfi=(13) ./elf/../sysdeps/unix/sysv/linux/dl-sysdep.c
cfn=(100) _dl_discover_osversion
calls=1 46 
* 90
* 8
fi=(37) ./elf/./dl-main.h
109 5
cfi=(31)
cfn=(106) _dl_init_paths
calls=1 706 
* 2926
fe=(2)
1731 3
cfi=(46)
cfn=(146)
calls=1 56 
* 30
+7 1
-7 1
+2 1
+5 1
+4 1
+3 1
-3 3
+1 2
+3 1
+5 1
-7 1
+7 1
+1 3
+12 2
+1 2
+5 1
-3 2
+2 1
+1 2
+5 3
+1 5
-1 2
233 1
-1 1
+1 3
+1 2
-2 1
+2 2
1793 2
+5 1
-1 1
+1 1
+24 1
cfi=(47)
cfn=(148) _dl_count_modids
calls=1 197 
* 6
* 1
fi=(48) ./elf/../sysdeps/generic/dl-debug.h
29 3
+1 2
fe=(2)
1828 2
+1 1
cfi=(46)
cfn=(152)
calls=1 116 
* 2
+1 1
+4 3
cfi=(49) ./elf/./elf/dl-audit.c
cfn=(154) _dl_audit_activity_map
calls=1 28 
* 16
+5 3
+2 1
+2 2
+9 2
+16 4
cfi=(65)
cfn=(208)
calls=1 25 
* 9
* 2
+76 4
+16 3
85 1
1970 1
85 2
1970 2
85 1
1970 5
cfi=(66)
cfn=(210)
calls=1 159 
* 8426
92 1
1976 1
92 2
+9 2
1976 2
+1 5
-1 4
+1 6
-1 12
+4 4
+1 3
+1 1
+2 2
+1 4
-1 9
+1 9
+12 3
+1 2
+2 1
+2 3
+2 1
-4 1
+5 1
-1 2
+14 2
+1 2
+1 3
+11 2
+2 1
-2 1
+2 2
-2 1
+1 2
+1 1
-1 2
+1 1
cfi=(52)
cfn=(250)
calls=1 238 
* 3783
+10 2
+1 2
+3 2
862 1
fi=(223) ./elf/../sysdeps/unix/sysv/linux/dl-osinfo.h
64 2
fe=(2)
864 1
+6 1
+3 1
+7 1
-5 1
2052 3
2282 3
1778 2
+6 1
-6 2
+6 1
+2 3
fi=(30)
198 4
+2 1
+1 1
+2 1
-3 3
+3 1
fi=(3)
59 4
+3 4
+2 4
fi=(34) ./elf/../sysdeps/unix/sysv/linux/dl-vdso.h
-24 1
+1 2
fe=(2)
2331 1
1325 1
2342 1
-4 2
+10 1
-6 1
+6 1
+3 2
+8 1
fi=(30)
36 1
fe=(2)
2359 1
fi=(30)
37 3
+3 1
+13 6
-13 3
+9 6
-9 1
+9 20
+4 15
-16 12
+34 3
cfi=(77)
cfn=(270)
calls=1 252 
* 30
fe=(2)
2361 2
+54 3
+3 1
85 4
2422 1
+1 19
+2 8
+5 8
+2 8
+6 4
+2 12
+1 24
cfi=(78) ./elf/./elf/dl-reloc.c
cfn=(272) _dl_relocate_object
calls=3 194 
* 71170
+4 10
+1 2
-23 1
+23 1
cfi=(47)
cfn=(412) _dl_add_to_slotinfo
calls=1 1015 
* 28
-23 6
92 3
+1 1
2454 1
93 1
2454 1
+5 4
+2 1
+7 3
cfi=(47)
cfn=(414) _dl_allocate_tls_init
calls=1 528 
* 146
+3 2
fi=(35)
30 3
+3 1
+3 1
+3 1
fi=(34)
+16 2
fe=(2)
2434 1
+1 1
-3 2
+49 3
+2 4
+10 1
cfi=(129) ./elf/./elf/dl-find_object.c
cfn=(416) _dl_find_object_init
calls=1 561 
* 571
+5 2
cfi=(7)
cfn=(424) __rtld_malloc_init_real
calls=1 76 
* 2372
+3 1
cfi=(133)
cfn=(432)
calls=1 30 
* 415
85 1
2507 1
+1 3
85 3
2508 2
cfi=(78)
cfn=(272)
calls=1 194 
* 4806
92 3
+9 2
2516 3
cfi=(135) ./elf/./elf/dl-call-libc-early-init.c
cfn=(438) _dl_call_libc_early_init
calls=1 27 
* 1309
+7 1
cfi=(9)
cfn=(464) _dl_sysdep_start_cleanup
calls=1 262 
* 2
+4 3
cfi=(49)
cfn=(466) _dl_audit_activity_nsid
calls=1 40 
* 21
+5 2
cfi=(46)
cfn=(186)
calls=1 38 
* 7
+1 1
-1 1
+2 1
cfi=(46)
cfn=(152)
calls=1 116 
* 2
+1 1
+4 1
cfi=(68) ./elf/./elf/dl-cache.c
cfn=(468) _dl_unload_cache
calls=1 537 
* 18
+5 8
1741 4
1995 2
+50 2
cfn=(258)
calls=1 756 
* 784
* 2
2726 4
+2 2
+1 1
+46 2
+2 1
+1 1
-1 1
+1 1
+1 1
85 1
1847 1
85 2
1847 1
85 1
1847 2
cfn=(156)
calls=1 894 
* 3107
* 1
92 3
+9 3
1948 16
+1 1
-1 1
+4 3
+1 1
+1 2
+1 2
-7 2
fi=(30)
170 3
-39 2
fe=(2)

fl=(15) ./elf/../sysdeps/x86/dl-get-cpu-features.c
fn=(436) __x86_cpu_features
71 1
-32 3
+32 2

fn=(32) _dl_x86_init_cpu_features
37 1
+2 3
+2 1
cfi=(16)
cfn=(34)
calls=1 399 
* 7219

fl=(24)
fn=(66)
53 3
+3 8
+5 1
-5 1
+5 1
+1 1
-6 1
+8 1

fn=(266)
68 2
fi=(224) ./elf/../include/list.h
-24 1
fe=(24)
+24 1
fi=(224)
-25 1
fe=(24)
+26 1
+3 1
fi=(224)
-29 1
+1 1
+1 1
+2 1
fe=(24)
+28 4
+1 2
+1 1
+5 2
+5 1
+6 1
-3 1
+3 1
-6 3
+6 1
+13 3
fi=(76) ./elf/../sysdeps/unix/sysv/linux/rseq-internal.h
-72 1
fe=(24)
+72 1
cfi=(10)
cfn=(24)
calls=1 405 
* 20
fi=(76)
-74 3
+2 6
+3 2
+3 1
fe=(24)
+83 3
+7 2
+2 1
+1 1
+1 3

fn=(84)
42 8
+2 16

fl=(79) ./elf/./elf/dl-lookup.c
fn=(282) do_lookup_x
363 848
+1 106
-1 530
+48 106
-30 212
-11 106
+41 106
-30 318
+30 106
fi=(80) ./elf/../sysdeps/generic/dl-protected.h
44 318
fe=(79)
381 106
fi=(80)
44 424
fe=(79)
395 981
+4 327
+4 327
-3 327
+3 1308
+1 981
+3 327
+1 654
+7 327
-3 654
-2 327
+5 1308
+3 2289
570 684
374 658
+3 658
+4 670
+4 654
+4 654
+88 202
fi=(4)
137 202
+1 303
fe=(79)
528 202
fi=(80)
29 202
fe=(79)
535 780
+16 202
+1 101
+1 202
422 420
-1 210
+2 210
+2 1260
+13 402
-10 1175
+3 101
-1 202
+1 101
-1 101
+2 202
-1 1212
cfn=(284) check_match
calls=101 70 
* 11019
+4 303
573 5
+1 848
-35 21
-70 8
171 28
452 808

fn=(280) _dl_lookup_symbol_x
840 1060
+10 106
-10 212
+10 106
-10 106
+10 106
204 106
840 106
204 530
581 424
-1 212
+2 106
-1 106
+1 318
-1 318
+1 1253
-1 1253
+1 3759
-1 3759
+2 106
846 106
-4 106
+1 106
+7 106
-8 106
+1 106
+7 403
+3 106
+2 212
-2 106
+6 212
-7 636
+7 25
+1 1484
cfn=(282)
calls=106 363 
* 38433
* 318
+28 106
-23 106
+23 106
-23 212
+24 590
+7 101
-7 101
+40 404
+79 202
-65 303
+3 303
-62 106
+69 954
-86 30
+18 15
+59 2

fn=(284)
70 101
+3 101
-3 1212
+3 404
+13 101
-13 101
+13 101
-13 101
+13 303
+3 362
cfi=(32)
cfn=(90)
calls=40 +19 
* 1916
* 80
+4 101
+1 202
+2 198
+19 198
+1 792
-38 101
+84 606
-18 4
+2 4
+1 2
-1 4
+1 6
-1 4
-29 297
cfi=(32)
cfn=(90)
calls=99 -9 
* 3419
* 198

fl=(54)
fn=(174)
68 84
+1 28
cfi=(32)
cfn=(90)
calls=14 +39 
* 500
* 28
+3 14
+2 28
+6 15
-6 30
+1 54
cfi=(32)
cfn=(90)
calls=18 +33 
* 728
* 36
+8 3
-13 3
+13 20
-1 11
+1 33

fn=(224) _dl_sysdep_read_whole_file
36 2
+3 1
-3 6
+3 1
-3 1
+3 1
cfi=(55)
cfn=(178)
calls=1 -11 
* 19
+1 2
+23 7
-21 4
cfi=(58) ./io/../sysdeps/unix/sysv/linux/fstat64.c
cfn=(190) fstat
calls=1 -13 
* 15
* 2
+2 2
+3 2
+13 2
cfi=(64) ./io/../sysdeps/unix/sysv/linux/close_nocancel.c
cfn=(204) __GI___close_nocancel
calls=1 -35 
* 6
* 1
-11 6
cfi=(60)
cfn=(194)
calls=1 -2 
* 9
* 2

fl=(56) ./io/../sysdeps/unix/sysv/linux/read_nocancel.c
fn=(180) __read_nocancel
25 2
+1 8
+1 2

fl=(7)
fn=(428) lookup_malloc_symbol
61 8
+3 4
-3 16
+3 4
-3 4
+3 8
-1 4
+1 12
cfi=(79)
cfn=(280)
calls=4 840 
* 2104
+4 28
+1 28
+2 4
fi=(132) ./elf/./dl-sym-post.h
-30 8
+12 12
fe=(7)
+19 20

fn=(136) strsep
239 2
+3 4
+2 2
+1 4
+4 33
+7 84
-2 56
+13 1
+4 4
-22 14
+15 14
-15 30

fn=(424)
76 2
+10 1
fi=(131) ./elf/../sysdeps/generic/dl-hash.h
-41 1
fe=(7)
+31 1
fi=(131)
-32 1
fe=(7)
+32 5
+11 1
-1 1
fi=(131)
-43 1
+5 3
+14 4
-17 3
+3 15
+14 20
-17 15
fe=(7)
+46 2
fi=(131)
-24 1
fe=(7)
+22 1
+2 2
fi=(131)
-19 1
fe=(7)
+19 1
cfn=(428)
calls=1 -30 
* 575
+1 3
-1 1
+1 1
cfn=(428)
calls=1 -31 
* 575
+1 3
-1 1
+1 1
cfn=(428)
calls=1 -32 
* 561
+1 3
-1 1
+1 1
cfn=(428)
calls=1 -33 
* 553
+5 1
+1 1
+1 1
+1 1
+1 7

fn=(12)
42 1
+1 2
+1 2
+1 2
+1 2
+1 1

fl=(58)
fn=(190)
29 6
+1 6
+5 9
cfi=(59)
cfn=(192)
calls=3 153 
* 24

fl=(73)
fn=(240)
30 20
+4 2
+1 4
+11 2
-1 4
+18 8

fl=(213)
fn=(904)
31 9
+20 3
-3 7
+3 4
+3 2
cob=(3)
cfi=(214) ./nptl/./nptl/pthread_mutex_lock.c
cfn=(906) pthread_mutex_lock@@GLIBC_2.2.5
calls=1 +23 
* 43
+2 1
+3 2
+2 6
+7 2
-2 1
+2 1
cfi=(49)
cfn=(466)
calls=1 -28 
* 21
+5 14
+5 1
-5 1
+5 3
+2 8
+2 8
+2 8
+1 4
+1 4
+4 4
-12 12
+14 6
+1 4
+6 5
cfi=(12)
cfn=(246)
calls=1 290 
* 300
+9 2
cob=(3)
cfi=(215) ./nptl/./nptl/pthread_mutex_unlock.c
cfn=(908) pthread_mutex_unlock@@GLIBC_2.2.5
calls=1 367 
* 34
+5 6
+2 1
+2 3
-2 3
+2 9
+3 8
+3 12
+4 2
+11 4
+1 1
+1 2
+1 5
+1 2
cob=(5)
cfi=(150)
cfn=(910) 0x0000000000401220
calls=1 0 
* 13
-1 5
+5 3
+1 6
cob=(2)
cfi=(51)
cfn=(924) 0x000000000483f334
calls=1 0 
* 110
cob=(2)
cfi=(51)
cfn=(920) 0x0000000000402280
calls=1 0 
* 4
+6 8
cfi=(49)
cfn=(922) _dl_audit_objclose
calls=4 -57 
* 20
+5 4
-45 12
+49 3
cfi=(49)
cfn=(466)
calls=1 40 
* 21
* 2
-38 9
+3 2
+41 6
+6 2
+7 8
73 2

fl=(68)
fn=(230) _dl_cache_libcmp
370 10
+1 10
+32 10
-33 20
+1 26
+2 58
+2 58
-2 116
+20 110
+2 110
-12 48
+2 48
+14 48
+1 48
-29 96
+32 9
-28 6
+8 3
-2 6
+1 6
-1 3
+2 9
+2 3
-3 3
+3 9
+2 6
+9 21

fn=(222) _dl_load_cache_lookup
416 10
+2 2
+3 3
+74 1
208 1
495 2
+3 3
fi=(70) ./elf/../sysdeps/x86/dl-procinfo.h
39 2
+3 3
cfi=(32)
cfn=(90)
calls=1 +66 
* 25
* 4
fe=(68)
212 6
cfi=(10)
cfn=(24)
calls=1 405 
* 21
* 1
+16 2
-16 1
+6 2
+10 1
-7 5
+9 3
+1 1
-37 2
+37 1
+4 2
-5 18
+1 6
-37 12
+37 6
+4 12
+4 21
cfn=(230)
calls=7 370 
* 534
+1 14
359 6
+3 6
228 6
360 3
228 9
+2 5
+20 6
+3 6
+2 12
cfn=(230)
calls=3 370 
* 366
* 6
+2 2
-9 6
-30 2
+1 1
+95 1
-95 1
-1 8
+96 3
-47 2
+10 2
+1 3

ob=(3)
fl=(158)
fn=(568)
2717 30
+8 12
+39 12
+2 18
+6 22
+1 5
2946 5
2773 15
+2 2
2896 1
-1 1
+1 3
+1 1
+11 2
fi=(159)
565 6
fe=(158)
2727 6
cfi=(161) ./malloc/./malloc/morecore.c
cfn=(572) __glibc_morecore
calls=6 25 
* 272
+1 12
-1 6
+1 6
2028 6
2729 6
2028 6
2729 6
2028 12
2730 6
+3 12
+33 12
2610 12
2775 2
+40 3
+22 1
+1 1
-1 1
+1 6
+2 2
+1 3
cfi=(161)
cfn=(572)
calls=1 25 
* 28
+12 2
-12 1
+12 1
2028 4
2897 4
2765 2
-52 3

fn=(792) malloc_consolidate
4715 13
+17 13
-17 52
+28 13
-28 39
+15 13
+2 13
+13 26
+1 26
-1 234
+1 234
+62 390
+1 104
-31 278
+4 278
+2 139
+1 278
+1 278
+2 278
+5 139
+2 139
-2 278
+3 139
+9 402
-56 278
+4 417
+1 556
+8 139
-3 278
+3 139
-3 139
+4 139
-4 139
+5 139
-5 139
+5 278
+2 278
+9 278

fn=(554) malloc
3287 114
+7 38
1343 36
+19 76
3306 76
+3 36
+10 36
+28 60
1362 19
3304 57
-63 4
cfn=(564)
calls=1 -6 
* 484
+68 2
+1 4
+1 30
3193 14
+1 14
+2 7
+1 7
-1 21
+1 7
+1 7
3347 35
-26 48
cfn=(566)
calls=12 1343 
* 5938
+1 60
fi=(159)
162 24
315 1
cfn=(558) ptmalloc_init.part.0
calls=1 -2 
* 1128
fe=(158)
1343 2

fn=(646) calloc
3624 33518
+10 16759
-10 67036
+10 134072
+8 33518
+3 50277
+2 50277
+32 50277
cfn=(566)
calls=16759 1343 
* 2336571
+2 83795
fi=(159)
162 50277
fe=(158)
3681 33518
+3 50277
+14 33518
+11 16759
+5 16759
-2 33518
+50 100500
-53 16759
+12 67036
-20 67036
+31 16759
+2 33518
+2 33518
+5 16750
+2 16750
-2 16750
+3 33500
+2 65
+2 130
-91 16759
+1 50277
+7 16759
+97 9
-25 18
+25 36
-25 9
cob=(2)
cfi=(51)
cfn=(650) 0x0000000004884670
calls=9 0 
* 39203

fn=(672) free
3352 19
+4 38
-4 17
+14 17
-14 34
+12 17
+4 17
-4 17
+4 34
+17 51
fi=(159)
162 51
fe=(158)
3391 34
cfn=(740)
calls=17 4421 
* 1474
+3 17
+1 70

fn=(566)
1343 36764
3771 18382
1362 18382
3771 147056
1362 36764
3811 20032
+27 20032
+66 16972
+2 16972
-2 16972
+2 33944
+2 2
+1 4
+6 2
-4 2
+1 2
+1 2
+2 4
+7 8
-1 4
+1 4
3181 2
3927 2
3183 2
3927 2
3181 2
3927 6
1362 16732
3811 16732
4397 16732
3838 16732
+63 342
+62 1210
+1 108
+1 22
cfn=(792)
calls=11 4715 
* 6910
* 10027
3838 20032
1362 10016
3843 20032
+2 20032
+2 2748
-6 1374
+9 1374
+1 1374
-1 2748
+1 6870
+5 2748
+1 2748
+7 1374
-1 2748
+1 6870
+5 1374
+1 1374
3183 1374
3870 2748
-17 24585
-10 8195
+2 66901
4399 33940
3903 16970
4399 220610
3983 16970
+1 16970
-1 33940
-1 33940
+2 33940
-1 36
+1 36
-1 72
-1 72
+2 72
-2 51015
+12 17005
-6 17005
+73 68020
-67 51016
-6 1
+73 4
-67 9
4158 1806
-91 1806
+91 3612
-91 1806
-74 1806
3181 1806
4067 1806
3181 3612
4025 3612
3183 3612
3997 7224
+1 1806
+2 3612
-3 512
+1 128
+2 256
+1 5802
+2 1934
+1 7736
+2 7736
-10 1934
+12 3868
+1 3868
+2 3868
+11 7454
+31 364
+1 364
+4 728
+29 552
+2 526
+1 789
+1 263
-1 263
+57 263
+2 526
-2 526
+2 263
+7 263
-9 789
+9 263
-7 263
+1 263
+1 263
+6 526
-10 13
+2 26
-2 26
+2 13
+7 13
-9 39
+9 13
-7 13
+1 13
+1 13
+6 26
3994 4
2005 4380
4413 165438
2005 2
3944 2
2005 4
4060 88
+1 88
-1 88
+1 176
+5 88
-21 88
+21 88
+1 352
2005 172
4095 110
+1 39
+1 13
-1 13
+4 26
+66 828
3994 828
4183 30700
+2 108
+3 36
-3 36
+3 72
+68 30700
+1 15350
+1 15350
-1 15350
+1 15350
+1 30700
+1 46050
+5 31692
+16 1658
+2 3316
-4 4072
+8 378
+3 756
+2 143
+1 143
+1 143
-2 572
-27 143
3181 2
+2 2
+2 2
-4 2
+2 8
4071 2
3184 2
+1 2
4071 2
+73 39
4023 3586
+1 3472
+5 1570
-1 3140
+3 1570
-1 1570
+1 3140
+1 1570
+1 3140
+2 1938
+4 969
+6 969
-6 6783
+2 2907
+1 969
2005 2907
4039 601
+6 601
-6 4207
+2 1803
+1 601
2005 1803
4269 45420
+3 60468
-3 45333
+3 60368
-3 30164
+3 45162
+97 15115
+1 30230
+2 30230
+3 45361
+17 24
+2 4
cfn=(792)
calls=2 4715 
* 222
+3 2
-1 6
+1 2
-1 2
3904 405
4299 705
+3 470
+2 235
+3 470
-3 235
+3 470
cfn=(752)
calls=235 1626 
* 5378
+3 940
+15 340
-5 170
+5 340
+1 340
+3 170
+1 170
+1 170
+3 340
+1 168
+1 340
+2 26
+3 104
+2 39
+1 13
2005 13
4347 13
2005 26
4341 1256
+2 471
+1 157
2005 157
4347 157
2005 379
4347 65
2005 130
4272 16
+2 64
+1 32
-1 36
+1 18
-3 18
+41 65
-1 65
+1 130
3193 6
+1 4
+2 8
+1 2
+1 2
4174 2
4380 15107
-2 30214
+2 15107
-1 15107
+6 15107
-5 15107
-3 15107
+3 15107
+2 15107
-2 60428
2005 15107
4382 15107
2005 30214
4407 24
cfn=(568)
calls=6 2548 
* 1049
* 6
+1 12
2005 18

fl=(170) ./stdio-common/./stdio-common/isoc99_fscanf.c
fn=(606) __isoc99_fscanf
25 11
+4 1
+1 2
-1 5
+1 1
cfi=(171)
cfn=(608)
calls=1 278 
* 1176
+4 5

fl=(161)
fn=(572)
25 7
+1 14
-1 7
+4 7
cfi=(162) ./misc/./misc/sbrk.c
cfn=(574) sbrk
calls=7 +8 
* 237
+1 14
+4 14

fl=(99) ./wcsmbs/../sysdeps/x86_64/multiarch/wcscmp.c
fn=(332) wcscmp
30 1
fi=(95) ./wcsmbs/../sysdeps/x86_64/multiarch/ifunc-avx2.h
+3 5
-1 2
+2 3
+2 2
+4 3
+3 4
fe=(99)
-13 1

fl=(205) ./stdlib/../sysdeps/x86_64/mul_1.S
fn=(880) __mpn_mul_1
31 42
+1 42
+3 42
+1 42
+1 42
+1 42
+1 42
+2 42
+1 42
+2 42
+1 42
+1 42
+1 42
+1 32
+2 32
+1 32
+1 32
+1 32
+26 10
+1 10
+1 10
+1 10
+1 10
+1 10
+1 10
+1 10
+1 10
+26 10
+1 10
+1 10
+2 10
+1 10
+1 10
+1 10
+1 10
+1 10
+2 10
+3 10
-5 32
+2 32
+3 32

fl=(149)
fn=(504)
83 1
+1 4
+1 3
+1 3
+2 1

fl=(212)
fn=(902)
149 4
+1 4
+18 4

fl=(194) ./stdio-common/./stdio-common/_itoa.c
fn=(820) _itoa_word
163 3598
+3 7196
+2 3598
+9 31542
+9 3598

fl=(86) ./string/../sysdeps/x86_64/multiarch/strcmp.c
fn=(300) strcmp
65 1
-24 2
+1 1
-1 2
+1 2
+2 2
+5 3
+3 3
+13 1

fl=(128) ./string/../sysdeps/x86_64/multiarch/rawmemchr.c
fn=(408) rawmemchr
31 1
fi=(124) ./string/../sysdeps/x86_64/multiarch/ifunc-evex.h
+4 5
-1 2
+2 3
+5 2
-3 2
+9 3
+3 4
fe=(128)
-19 1

fl=(166)
fn=(586)
24 1826
+3 3652
+3 7304
+1 1826
+2 1826
+1 1826

fn=(588)
39 1826
+3 3652
+2 3652
+1 3652
+2 1826

fl=(199) ./stdio-common/./stdio-common/printf.c
fn=(866) printf
28 147
+4 7
+1 14
-1 14
+1 7
-1 7
+1 7
-1 7
+1 7
-1 7
+1 7
cfi=(193) ./stdio-common/./stdio-common/vfprintf-internal.c
cfn=(812) __vfprintf_internal
calls=7 1180 
* 18547
+4 35

fl=(200) ./stdio-common/./stdio-common/printf_fp.c
fn=(868) __printf_fp
1278 7
+1 7
-1 14
+1 21
cfn=(870) __printf_fp_l
calls=7 216 
* 12682

fn=(870)
216 112
+50 7
-9 7
+17 7
-8 21
+32 7
-21 7
-11 14
+11 14
fi=(201) ./stdio-common/../include/../locale/localeinfo.h
+38 21
fe=(200)
-35 14
+18 14
+8 7
-72 7
-1 7
388 7
-1 14
+5 14
+4 49
1272 84
396 42
cfi=(202) ./stdlib/../sysdeps/ieee754/dbl-64/dbl2mpn.c
cfn=(874) __mpn_extract_double
calls=7 33 
* 154
* 28
+36 7
+5 7
-49 7
+44 28
+1 7
+1 14
+3 84
+1 7
-1 7
+1 21
-1 7
+1 14
-1 7
+1 56
+1 7
-1 14
+1 91
+6 7
-6 14
+7 14
831 7
+10 7
-10 7
+10 7
+6 7
-16 7
+10 14
+6 7
-6 14
+2 14
+10 14
+48 14
+15 7
-1 28
+7 7
fi=(208) ./stdio-common/../sysdeps/pthread/allocalim.h
27 14
cfi=(207) ./nptl/./nptl/alloca_cutoff.c
cfn=(884) __libc_alloca_cutoff
calls=7 * 
* 77
+2 21
fe=(200)
932 126
+4 7
-3 7
+3 28
+26 7
-2 21
+1 28
+1 14
+1 28
+3 42
-1 42
+2 42
-1 42
cfn=(888) hack_digit
calls=42 170 
* 1690
* 42
+3 84
-7 126
+1 119
437 14
963 21
+15 21
+1 28
cfn=(888)
calls=7 170 
* 378
+2 21
-2 7
+2 35
+2 9
+3 6
-3 3
+8 24
-9 3
fi=(209) ./stdio-common/../sysdeps/generic/get-rounding-mode.h
94 3
+1 12
-1 4
+1 37
fi=(210) ./stdio-common/../include/rounding-mode.h
-43 22
+6 2
fe=(200)
1097 9
+7 6
+3 21
+13 21
+46 14
+2 14
-2 35
+2 35
+2 56
+10 35
+8 7
+7 7
-7 14
+7 14
+5 21
cob=(2)
cfi=(51)
cfn=(894) 0x0000000004884490
calls=7 0 
* 112
+2 14
-2 7
+2 14
+5 21
+2 7
-2 7
+2 14
+11 112
+7 84
+3 98
+3 98
-6 147
+1 168
+1 14
-2 7
+2 7
cob=(2)
cfi=(51)
cfn=(828) 0x00000000048843e0
calls=7 0 
* 140
* 7
-2 14
+10 42
+17 35
+3 21
+11 21
1008 4
-5 12
+5 4
-1 4
+1 8
+2 2
-2 4
+3 2
-3 16
+5 8
+4 8
+11 8
+69 12
649 14
856 7
+2 7
-1 7
+10 7
-11 14
-16 14
1175 21
855 7
-7 7
+8 28
+3 28
665 21
+5 7
-5 7
cfi=(203)
cfn=(876)
calls=7 28 
* 112
+5 7
-18 7
+10 7
+3 7
+1 7
+24 7
-20 7
-4 28
+3 7
+1 14
+23 24
+1 16
+3 16
+1 8
-1 16
+1 8
+8 8
-7 16
+7 8
-9 8
+2 8
-2 8
+2 8
+7 16
+22 21
+61 80
-2 80
+2 314
675 80
+2 160
+7 8
+1 16
-1 8
+4 8
-4 8
+2 8
-2 16
+6 32
cfi=(204) ./stdlib/./stdlib/mul.c
cfn=(878) __mpn_mul
calls=8 48 
* 600
* 8
+5 24
+42 14
-1 7
+1 14
+5 21
-6 7
+6 7
+3 21
-37 2
+4 2
-2 1
+2 4
+16 3
+2 2
+1 1
1177 14
+77 812
cfi=(164)
cfn=(896) __overflow
calls=56 199 
* 2912
* 112
883 14
260 14
956 14
-1 14
-1 7
+2 7
835 14
-44 9
+4 10
cfi=(205)
cfn=(880)
calls=2 31 
* 66
+4 4
+1 2
-4 2
+4 4
-4 2
+3 2
+1 8
+9 2
+1 2
-1 2
+4 28
1203 14
868 21
-89 14
cfi=(206) ./stdlib/../sysdeps/x86_64/rshift.S
cfn=(882) __mpn_rshift
calls=7 28 
* 126
+3 7
+7 7
-7 21
1171 8
808 6
cfi=(206)
cfn=(882)
calls=2 28 
* 36
* 2
-62 14
+10 7
-3 7
+3 35
+13 21

fn=(888)
170 196
+3 245
+2 32
+2 64
-2 64
+2 32
+1 96
-1 32
+1 32
cfi=(205)
cfn=(880)
calls=32 31 
* 672
* 32
+31 32
+1 160
-37 294
+37 85

fl=(202)
fn=(874)
33 21
+4 14
-2 7
+2 7
+1 35
+9 14
+9 7
-9 7
+9 14
+47 7
+4 7
-4 7
+4 7

fl=(118) ./string/../sysdeps/x86_64/multiarch/strlen.c
fn=(380) strlen
29 2
fi=(84)
+4 10
-1 4
+2 6
+2 4
+4 6
+3 8
fe=(118)
-14 2

fl=(100) ./string/../sysdeps/x86_64/multiarch/stpncpy.c
fn=(336) stpncpy
31 1
fi=(101) ./string/../sysdeps/x86_64/multiarch/ifunc-strcpy.h
+5 2
+1 1
-1 2
+1 2
+2 2
+4 3
+3 3
fe=(100)
-15 1

fl=(81) ./string/../sysdeps/x86/cacheinfo.c
fn=(290) __x86_cacheinfo
86 1
fi=(82) ./string/../sysdeps/x86/cacheinfo.h
-25 1
+3 3
+2 1
+1 1
-1 2
+7 3
+2 1
+1 1
-1 2
+5 2
+2 2
+1 2
+1 2
+2 2
fe=(81)
* 2

fl=(155)
fn=(536)
30 1
+2 1
+9 1
+1 2
+1 1
+4 1
+1 1
+1 1
+1 1
+1 1
+2 2
+2 1
+1 1
+1 1
+2 2
+2 1
+5 1
+1 1
+17 1
cfi=(156) ./setjmp/./setjmp/sigjmp.c
cfn=(538) __sigjmp_save
calls=1 -56 
* 9

fl=(174) ./io/../sysdeps/unix/sysv/linux/fstatat64.c
fn=(624) fstatat
153 22
-55 22
+70 33
+1 11

fl=(193)
fn=(812)
1180 21672
+30 9030
+8 5426
+4 9030
+11 3612
+11 1806
fi=(225) ./stdio-common/./stdio-common/printf-parse.h
111 3612
fe=(193)
1244 9030
fi=(225)
111 1806
cob=(2)
cfi=(51)
cfn=(814) 0x00000000048844d0
calls=1806 0 
* 37926
fe=(193)
1259 1806
fi=(225)
111 1806
fe=(193)
1259 5418
239 1806
fi=(226) ./stdio-common/../libio/libioP.h
940 1806
fe=(193)
1263 1806
fi=(226)
942 1806
-2 1806
fe=(193)
1263 1806
fi=(226)
940 3612
+2 3612
+1 3612
fe=(193)
239 7224
cfi=(165) ./libio/./libio/fileops.c
cfn=(818) _IO_file_xsputn@@GLIBC_2.2.5
calls=1806 1197 
* 37625
* 3612
127 16254
1263 3612
+4 5418
+4 14448
1532 1806
1214 1806
+34 1806
-8 1806
1532 5418
+23 1806
-39 1806
+39 1806
-39 1806
+39 3612
1313 27090
+39 1806
-51 1806
-1 1806
-1 1806
-1 1806
+5 1806
1501 1806
fi=(225)
88 1806
fe=(193)
1352 1806
-46 1806
-4 1806
+50 1806
1501 1806
1295 1806
-1 1806
-1 1806
-1 1806
-1 1806
+16 3612
1608 3612
+1 3612
+3 21672
-4 16254
1499 14
+33 14
+3 238
+20 14
1218 3596
+41 7224
cfi=(166)
cfn=(586)
calls=1806 24 
* 18060
+1 23478
-1 3612
1609 3612
cfi=(166)
cfn=(588)
calls=1806 39 
* 14448
+2 1806
-56 77
+9 14
-80 7
-5 56
-1 7
+1 56
+37 23387
cfi=(194)
cfn=(820)
calls=1799 163 
* 49532
* 51509
192 3598
+47 1799
fi=(226)
942 5397
+1 3598
fe=(193)
239 7196
cfi=(165)
cfn=(818)
calls=1799 1197 
* 126328
* 3598
127 23387
1517 3598
-54 1799
+53 3598
+73 1806
fi=(225)
111 1806
fe=(193)
1583 1806
fi=(225)
111 3612
cob=(2)
cfi=(51)
cfn=(814)
calls=1806 0 
* 37926
fe=(193)
239 1806
fi=(226)
942 1806
fe=(193)
1593 1806
fi=(225)
111 1806
fi=(226)
942 1806
fe=(193)
1593 1806
fi=(226)
942 1806
+1 3612
fe=(193)
239 7224
cfi=(165)
cfn=(818)
calls=1806 1197 
* 120344
* 3612
127 23478
1593 3612
+2 5418
-79 31010
192 3598
1556 7
351 7
+1 7
1556 7
352 14
-1 14
1559 14
127 49
354 7
cfi=(200)
cfn=(868)
calls=7 1278 
* 12731
* 7
1392 3598
1516 40240

fl=(127) ./string/../sysdeps/x86_64/multiarch/strncase.c
fn=(406) strncasecmp
31 1
fi=(220)
+1 5
fe=(127)
-1 1

fl=(173) ./io/../sysdeps/unix/sysv/linux/fstat64.c
fn=(622) fstat
29 22
+1 22
+5 33
cfi=(174)
cfn=(624)
calls=11 153 
* 88

fl=(184) ./libio/./libio/ioftell.c
fn=(686) ftell
34 5
+3 13
+1 5
cfi=(181) ./libio/./libio/ioseekoff.c
cfn=(664) _IO_seekoff_unlocked
calls=1 -5 
* 70
+1 1
fi=(182) ./libio/./libio/libioP.h
883 2
fe=(184)
39 2
fi=(182)
884 5
fe=(184)
45 2
+12 4
fi=(182)
883 2
+1 4
fe=(184)

fl=(191) ./string/../sysdeps/x86_64/multiarch/strlen-avx2.S
fn=(766) __strlen_avx2
50 58505
+13 58505
+1 58505
+1 58505
+3 58505
+2 58505
+1 58505
+3 58023
+1 58023
+8 58023
+1 58023
+1 58023
+5 116046
509 482
+1 482
+1 482
+3 482
+15 482
+1 482
+1 482
+7 964

fl=(102) ./wcsmbs/../sysdeps/x86_64/multiarch/wmemchr.c
fn=(340) wmemchr
31 2
fi=(103) ./wcsmbs/../sysdeps/x86_64/multiarch/ifunc-evex.h
+4 10
-1 4
+2 6
+5 4
-3 4
+9 6
+3 8
fe=(102)
-19 2

fl=(206)
fn=(882)
28 9
+1 9
+1 9
+1 9
+13 9
+1 9
+16 9
+1 9
+1 9
+1 9
+1 9
+1 9
+1 9
+5 9
+1 9
+1 9
+1 9
+1 9

fl=(91) ./wcsmbs/../sysdeps/x86_64/multiarch/wcslen.c
fn=(310) wcslen
29 1
fi=(88) ./wcsmbs/../sysdeps/x86_64/multiarch/ifunc-wcslen.h
+5 4
-1 2
+2 3
+2 2
+4 3
+3 3
fe=(91)
-15 1

fl=(106) ./string/../sysdeps/x86_64/multiarch/strcspn.c
fn=(348) strcspn
29 1
fi=(227) ./string/../sysdeps/x86_64/multiarch/ifunc-sse4_2.h
+1 5
fe=(106)
-1 1

fl=(125) ./string/../sysdeps/x86_64/multiarch/strspn.c
fn=(400) strspn
29 1
fi=(227)
+1 5
fe=(125)
-1 1

fl=(151) ./csu/../csu/libc-start.c
fn=(510) __libc_start_main@@GLIBC_2.34
242 12
343 3
+1 3
cfi=(152) ./stdlib/./stdlib/cxa_atexit.c
cfn=(512) __cxa_atexit
calls=1 69 
* 71
+25 6
+6 2
-3 2
+10 2
cob=(2)
cfi=(51)
cfn=(526) 0x00000000048846d0
calls=1 0 
* 836
+2 2
+8 4
cfi=(153) ./csu/../sysdeps/nptl/libc_start_call_main.h
cfn=(532) (below main)
calls=1 29 
* 15224131
128 2
+6 3
+1 6
cob=(2)
cfi=(51)
cfn=(516) 0x0000000000401000
calls=1 0 
* 7
* 1
+3 1
+1 2
+3 2
+1 2
-1 1
+2 7
+1 4
cob=(5)
cfi=(150)
cfn=(520) 0x0000000000401250
calls=1 0 
* 11
-1 4

fl=(159)
fn=(558)
313 1
fi=(158)
3162 3
fe=(159)
313 5
+5 1
fi=(158)
3162 2
cfi=(160) ./stdlib/../sysdeps/unix/sysv/linux/getrandom.c
cfn=(560) getrandom
calls=1 28 
* 9
* 2
fe=(159)
343 2
+4 3
fi=(158)
1966 4
+3 1
-3 1
+3 2
-3 2
+3 126
-3 126
+3 252
-3 252
fe=(159)
352 3
fi=(158)
1977 1
+1 1
+2 1
fe=(159)
352 1
cob=(2)
cfi=(51)
cfn=(450) 0x0000000004884650
calls=1 0 
* 23
+1 4
cob=(2)
cfi=(51)
cfn=(450)
calls=1 0 
* 22
+1 4
cob=(2)
cfi=(51)
cfn=(450)
calls=1 0 
* 23
+1 4
cob=(2)
cfi=(51)
cfn=(450)
calls=1 0 
* 23
+1 4
cob=(2)
cfi=(51)
cfn=(450)
calls=1 0 
* 22
+1 4
cob=(2)
cfi=(51)
cfn=(450)
calls=1 0 
* 23
+1 4
cob=(2)
cfi=(51)
cfn=(450)
calls=1 0 
* 23
+2 4
cob=(2)
cfi=(51)
cfn=(450)
calls=1 0 
* 23
+1 4
cob=(2)
cfi=(51)
cfn=(450)
calls=1 0 
* 23
+1 4
cob=(2)
cfi=(51)
cfn=(450)
calls=1 0 
* 23
+3 4
cob=(2)
cfi=(51)
cfn=(450)
calls=1 0 
* 23
+1 4
cob=(2)
cfi=(51)
cfn=(450)
calls=1 0 
* 23
+1 2
+63 7

fl=(137) ./ctype/./ctype/ctype-info.c
fn=(442) __ctype_init
29 1
+2 7
+2 4
+2 4
+1 1

fl=(215)
fn=(908)
367 1
51 3
+1 2
367 1
57 2
+8 1
-3 1
-23 1
+1 2
+30 1
369 2
40 3
+1 2
+33 2
+6 4
+4 3
+3 3

fl=(216) ./stdlib/./stdlib/cxa_finalize.c
fn=(934) __cxa_finalize
30 2
+3 2
-3 7
+3 4
+3 3
+4 6
-4 3
+58 4
+4 6
-4 3
+11 2
+1 2
cfi=(217) ./posix/./posix/register-atfork.c
cfn=(936) __unregister_atfork
calls=1 -30 
* 16
+1 4
+1 8

fl=(119) ./string/../sysdeps/x86_64/multiarch/strncpy.c
fn=(384) strncpy
29 2
fi=(101)
+7 4
+1 2
-1 4
+1 4
+2 4
+4 6
+3 6
fe=(119)
-17 2

fl=(175) ./io/../sysdeps/unix/sysv/linux/read.c
fn=(632) read
25 4
+1 24
+1 4

fl=(207)
fn=(884)
27 7
+1 63
+7 7

fl=(164)
fn=(584) _IO_link_in
87 126
+1 18
-1 54
+1 54
+18 180
-16 9
+2 27
-2 9
+2 9
+1 9
-1 27
cfi=(166)
cfn=(586)
calls=9 -68 
* 90
+1 81
+2 9
-1 9
-1 18
+2 90
+5 9
-3 9
-2 18
+3 9
-1 9
+3 108
+1 9
+1 63
+1 18
cfi=(166)
cfn=(588)
calls=9 -64 
* 72
+3 9

fn=(616) _IO_doallocbuf
343 10
+1 20
-1 30
+3 40
+1 10
fi=(182)
940 30
+2 20
+1 20
fe=(164)
347 20
cfi=(172) ./libio/./libio/filedoalloc.c
cfn=(618) _IO_file_doallocate
calls=10 78 
* 7059
* 20
+3 40

fn=(696) _IO_sgetn
409 2
fi=(182)
940 3
fe=(164)
409 1
+2 1
fi=(182)
942 2
+1 2
fe=(164)
411 1
+1 2
-1 1
cfi=(165)
cfn=(698) _IO_file_xsgetn
calls=1 1272 
* 602

fn=(578) _IO_no_init
563 90
+1 9
cfn=(580) _IO_old_init
calls=9 -33 
* 225
+1 9
+1 18
+2 9
+4 9
+7 9
+2 9
-9 45
+15 9
+1 54

fn=(634)
635 10
+3 6
+1 4
+9 2
+3 8
-10 4
+1 2
+5 2

fn=(732) _IO_unsave_markers
960 16
+2 8
-2 8
+2 8
+5 24
+2 16

fn=(954) _IO_flush_all_lockp
686 12
+5 6
cfi=(166)
cfn=(586)
calls=1 24 
* 10
+1 9
+3 1
-8 1
+5 2
+3 2
fi=(182)
940 4
fe=(164)
709 8
+2 4
-16 12
+2 4
+1 8
+3 28
+14 9
+1 2
cfi=(166)
cfn=(588)
calls=1 39 
* 8
+4 12

fn=(746) _IO_default_finish
601 24
+2 24
+6 24
+3 24
54 16
624 16

fn=(726) _IO_un_link
53 16
+1 32
+28 16
cfn=(728) __GI__IO_un_link.part.0
calls=8 -30 
* 832

fn=(728)
52 16
+7 8
-7 56
+6 48
cfi=(166)
cfn=(586)
calls=8 -34 
* 80
+1 72
+2 8
-1 8
-1 16
+2 80
+13 8
-13 8
+2 8
+13 8
-15 16
+15 8
-13 16
+3 8
-1 16
+1 8
+8 16
+2 88
+2 16
-1 8
+1 56
+1 16
cfi=(166)
cfn=(588)
calls=8 -40 
* 64
+3 72

fn=(580)
531 9
+3 9
-2 9
+2 9
+5 9
-7 9
+2 9
+10 9
-10 9
+16 9
-11 9
-5 9
+16 9
-16 9
+21 9
-16 45
+16 18
+1 18
+2 9

fn=(612) _IO_default_uflow
361 2
fi=(182)
940 2
fe=(164)
361 1
fi=(182)
940 1
fe=(164)
361 2
+1 1
fi=(182)
942 2
+1 2
fe=(164)
362 2
cfi=(165)
cfn=(614) _IO_file_underflow@@GLIBC_2.2.5
calls=1 +99 
* 412
+1 2
+2 4
+1 4

fn=(700) __underflow
269 5
+1 4
+5 3
+3 1
173 1
278 2
+2 2
+6 2
+7 1
fi=(182)
940 3
+2 2
+1 2
fe=(164)
293 1
+1 1
-1 1
+1 2
-1 1
cfi=(165)
cfn=(614)
calls=1 461 
* 101
-2 3

fn=(952)
863 2
+3 1
-3 9
-77 1
+80 1
cfn=(954)
calls=1 686 
* 142
-80 2
+80 1
-80 3
cfi=(166)
cfn=(586)
calls=1 24 
* 10
+1 9
+3 1
-3 2
+3 2
fi=(182)
940 4
fe=(164)
838 4
-48 12
+9 12
+2 9
+6 26
+8 10
+9 2
fi=(182)
942 4
+1 4
fe=(164)
824 8
cfi=(165)
cfn=(960) _IO_file_setbuf@@GLIBC_2.2.5
calls=2 381 
* 190
+2 6
+4 10
+1 16
+11 9
+1 2
cfi=(166)
cfn=(588)
calls=1 39 
* 8
+35 12
-59 2
-2 2
+3 2
-3 2
+2 6

fn=(962) _IO_default_setbuf
452 4
fi=(182)
940 2
fe=(164)
452 4
fi=(182)
940 2
fe=(164)
452 2
fi=(182)
940 2
fe=(164)
452 8
+1 2
fi=(182)
942 4
+1 4
fe=(164)
453 4
cfi=(165)
cfn=(964) _IO_file_sync@@GLIBC_2.2.5
calls=2 792 
* 60
* 4
+4 2
330 2
462 2
-7 4
332 4
+5 2
-5 2
+5 2
467 2
332 2
466 8
+2 12
-11 2
+1 4
-1 2
330 8

fn=(896)
199 168
+2 168
+2 56
fi=(182)
940 168
+2 112
+1 112
fe=(164)
203 56
+1 112
-1 56
cfi=(165)
cfn=(822) _IO_file_overflow@@GLIBC_2.2.5
calls=56 731 
* 1904

fn=(610)
299 5
+1 3
+5 3
+3 1
173 1
308 2
+2 2
+6 2
+7 1
fi=(182)
940 3
+2 2
+1 2
fe=(164)
323 1
+1 1
-1 1
+1 2
-1 1
cfn=(612)
calls=1 +38 
* 437
-23 2
+21 3

fn=(626) _IO_setb
329 162
+1 88
+5 36
-3 18
+3 72
+3 80
-7 8
cob=(2)
cfi=(51)
cfn=(670) 0x0000000004884370
calls=8 0 
* 1037
+4 24

fn=(628) _IO_switch_to_get_mode
164 10
+1 6
+3 6
+4 4
+1 4
+7 2
-4 2
+4 2
-2 4
+3 2
+1 8

fn=(668) _IO_free_backup_area
187 6
+1 4
+2 4
cob=(2)
cfi=(51)
cfn=(670)
calls=2 0 
* 12
+1 2
+1 2
-1 2
+3 4

fn=(826) _IO_default_xsputn
371 8
+3 16
-3 64
fi=(182)
940 8
fe=(164)
371 8
fi=(182)
940 8
fe=(164)
371 8
fi=(182)
940 8
fe=(164)
371 16
+18 14
+8 7
+2 40
fi=(182)
942 16
+1 16
fe=(164)
399 32
cfi=(165)
cfn=(822)
calls=8 731 
* 272
* 16
+2 8
-22 72
+2 21
+3 14
+20 8
-29 8
+29 56
-11 56
+1 28
-1 14
+1 14
-1 21
+1 10
-1 22

fl=(107) ./wcsmbs/../sysdeps/x86_64/multiarch/wcscpy.c
fn=(350) wcscpy
43 1
-6 5
+6 1

fl=(168) ./string/../string/strstr.c
fn=(596) __GI_strstr
77 72
+5 9
-5 27
+5 18
+2 36
cob=(2)
cfi=(51)
cfn=(598) 0x0000000004884600
calls=9 -84 
* 207
* 9
+1 18
+44 9
+32 108

fl=(186) ./string/../sysdeps/x86_64/multiarch/memmove-vec-unaligned-erms.S
fn=(830) __mempcpy_avx_unaligned_erms
294 3611
+1 3611
+1 3611
+1 3611
+17 3611
+1 3611
+42 3611
+1 3611
+2 3611
+1 3611
+2 3598
+4 3598
+1 3598
+1 3598
+1 3598
+1 3598
+1 184
+1 184
+2 184
+2 184
-2 3414
+2 3414
+39 13
+1 13
+1 13
+1 13
+1 13

fn=(704) __memcpy_avx_unaligned_erms
307 1611
+1 1611
+6 1611
+1 1611
+2 672
+1 672
+1 672
+3 522
+1 522
+1 522
+3 1044
+30 939
+1 939
+36 939
+1 939
+1 939
+1 939
+2 939
+28 74
+1 74
+1 74
+1 74
+1 74
+1 74
+1 148
+5 150
+1 150
+5 149
+1 149
+2 107
+1 107
+1 107
+2 33
+1 33
+1 33
+1 33
+1 33
+1 33
+1 33
+1 33
+1 33
+1 33
+1 33
+1 33
+1 33
+1 33
+1 66
+4 42
+1 42
+4 42
+2 42
+4 42
+1 42
+11 42
+3 42
+2 42
+2 42
+4 42
+1 42
+9 38
+1 38
+2 38
+2 38
+1 38
+1 38
+3 38
+2 38
+2 38
+2 76
+6 38
+1 38
+1 38
+1 38
+1 38
+1 38
+1 38
+1 38
+1 38
+1 38
+1 38
+1 38
-11 176
+1 176
+1 176
+1 176
+1 176
+1 176
+1 176
+1 176
+1 176
+1 176
+1 176
+1 176
+2 38
+1 38
+1 38
+1 38
+2 38
+4 76
+13 4
+1 4
+2 4
+1 4
+1 4
+2 4
+2 4
+2 8
+6 4
+1 4
+1 4
+1 4
+1 4
+1 4
+1 4
+1 4
+1 4
+1 4
+1 4
+1 4
-11 27
+1 27
+1 27
+1 27
+1 27
+1 27
+1 27
+1 27
+1 27
+1 27
+1 27
+1 27
+2 4
+1 4
+1 4
+1 4
+2 4
+1 8
+9 1
+7 1
+1 1
+30 1
+1 1
+4 1
+2 1
+3 1
+4 1
+1 1
+3 1
+1 1
+24 1
+2 1
+2 1
+2 1
+3 1
+1 1
+2 12249
+3 1
+2 1
+2 2

fl=(165)
fn=(964)
792 10
+5 8
+2 2
+1 4
+2 1
fi=(182)
940 3
+2 2
+1 2
fe=(165)
802 3
cfn=(676) _IO_file_seek
calls=1 1139 
* 9
+1 2
+1 2
+7 2
+4 4
-4 2
+4 4

fn=(592) _IO_file_open
182 18
+3 9
-3 63
+2 18
+4 9
cfi=(167)
cfn=(594)
calls=9 30 
* 327
* 9
+1 18
+3 18
+3 9
-4 9
+1 36
+3 18
+10 18
cfi=(164)
cfn=(584)
calls=9 87 
* 216
+1 9
+1 36

fn=(620) _IO_file_stat
1146 11
+1 22
cfi=(173)
cfn=(622)
calls=11 29 
* 165

fn=(698)
1272 10
+7 1
-7 1
+7 1
+11 1
fi=(182)
940 3
fe=(165)
1290 4
+2 3
+1 2
-1 6
+1 4
+8 4
+8 4
+9 6
+1 8
+18 2
+1 6
+3 3
fi=(182)
942 1
fe=(165)
1329 1
fi=(182)
942 1
fe=(165)
1329 2
fi=(182)
943 2
fe=(165)
1341 3
cfn=(630) _IO_file_read
calls=1 1130 
* 14
+1 2
+12 1
-2 1
+1 1
+1 2
+1 2
-65 2
+5 3
cob=(2)
cfi=(51)
cfn=(702)
calls=1 0 
* 341
+1 3
+25 2
cfi=(164)
cfn=(700)
calls=1 269 
* 138
* 2
+39 9

fn=(582) _IO_new_file_init_internal
106 9
+5 9
-5 18
+4 9
+3 9
cfi=(164)
cfn=(584)
calls=9 -26 
* 936
+1 9
+1 18

fn=(822)
731 395
+1 316
+7 379
+37 71
-2 156
+3 128
+3 192
+1 192
+1 256
+4 64
+1 256
-45 16
+12 16
+9 24
+5 24
+2 16
-3 16
+3 8
+1 8
-6 8
+1 8
+5 32
+1 1
+2 2
+13 15
-12 15
+1 15
+11 30
-12 15
cfn=(824) _IO_do_write@@GLIBC_2.2.5
calls=15 423 
* 796
-31 16
cfi=(164)
cfn=(616)
calls=8 343 
* 6707
+1 8
+9 8
-9 40

fn=(666) _IO_file_seekoff@@GLIBC_2.2.5
900 36
+8 8
-60 6
+66 6
+2 1
+1 2
+25 6
+23 1
fi=(182)
-25 3
+2 2
+1 2
fe=(165)
+22 3
cfn=(620)
calls=1 1146 
* 18
* 6
+2 2
-53 4
+3 4
+12 4
+3 3
+5 2
cfi=(164)
cfn=(616)
calls=1 343 
* 306
+1 2
+1 3
+3 2
+26 1
+7 2
cfi=(164)
cfn=(668)
calls=1 187 
* 18
* 2
cfi=(164)
cfn=(668)
calls=1 187 
* 18
+5 2
+1 2
-1 6
+1 2
+3 7
-1 1
+2 5
fi=(182)
-43 1
-2 2
fe=(165)
+57 2
fi=(182)
-55 1
-2 2
fe=(165)
+57 2
+4 4
+1 2
-1 4
+2 2
-2 2
+1 2
+1 4
+5 2
fi=(182)
-66 4
+1 4
fe=(165)
+65 6
cfn=(676)
calls=2 1139 
* 18
* 2
+1 4
+2 4
+4 1
fi=(182)
-73 2
+1 2
fe=(165)
+72 8
cfn=(630)
calls=1 1130 
* 14
+3 2
+11 1
-3 1
+3 1
-3 2
+4 1
-4 1
+3 2
-3 4
+5 2
-5 2
+4 1
-4 1
+3 2
-3 4
+5 2
+23 33
846 2
+4 1
-2 2
+2 1
+5 2
1006 2
879 2
+10 2
-10 1
-14 2
+1 3

fn=(676)
1139 3
+1 6
cfi=(183) ./io/../sysdeps/unix/sysv/linux/lseek64.c
cfn=(678) lseek
calls=3 28 
* 18

fn=(590) _IO_file_fopen@@GLIBC_2.2.5
213 99
+9 18
+2 68
356 108
224 21
+23 54
+33 36
cfn=(592)
calls=9 -98 
* 840
* 9
+3 18
+3 27
cfi=(168)
cfn=(596)
calls=9 77 
* 513
* 9
+1 18
-40 18
-19 2
-1 2
-13 4

fn=(614)
461 2
+4 6
-4 16
+7 4
+6 6
+3 4
+12 2
+9 4
fi=(182)
940 2
+2 2
-2 2
fe=(165)
505 4
cfi=(164)
cfn=(628)
calls=2 164 
* 50
+6 2
+5 2
-5 2
fi=(182)
942 4
fe=(165)
511 2
fi=(182)
942 2
fe=(165)
511 6
fi=(182)
943 4
fe=(165)
516 8
cfn=(630)
calls=2 1130 
* 28
+2 4
+16 2
-9 2
+9 4
+1 2
+1 2
+1 8
-1 2
+1 8
-57 3
+5 2
cfi=(164)
cfn=(616)
calls=1 343 
* 306
+4 4

fn=(818)
1197 27055
+7 5411
-7 16233
+6 18046
+9 7224
-2 14448
+17 10797
+1 3591
+3 10773
+2 3604
+2 3604
+2 7208
-2 3604
+1 3604
+1 3604
-2 3604
cob=(2)
cfi=(51)
cfn=(828)
calls=3604 0 
* 72409
* 3604
+4 7208
+28 48699
-55 13
+4 13
-4 13
+1 26
+18 8
+12 8
fi=(182)
940 24
+2 16
+1 16
fe=(165)
1243 7
fi=(182)
940 21
+2 14
+1 14
fe=(165)
1243 45
cfn=(822)
calls=15 731 
* 8073
* 30
+6 30
+1 105
+2 30
+11 45
+1 32
cfi=(164)
cfn=(826)
calls=8 371 
* 909
+2 24
-48 231
-2 178
+4 7
+11 21
443 14

fn=(834) _IO_file_write@@GLIBC_2.2.5
1173 98
+2 84
+5 14
cfi=(195)
cfn=(836)
calls=14 25 
* 126
+1 28
+5 14
+1 14
-12 28
+4 42
+1 28
+10 42
+3 84
-4 42

fn=(960)
381 6
+1 2
cfi=(164)
cfn=(962)
calls=2 +70 
* 162
* 4
+3 2
+4 4
-2 6
+3 4

fn=(744) _IO_file_finish@@GLIBC_2.2.5
168 40
+1 16
+7 8
-1 16
+1 16
-1 8
cfi=(164)
cfn=(746)
calls=8 601 
* 128

fn=(630)
1130 4
+1 4
+2 4
-1 4
+1 8
cfi=(175)
cfn=(632)
calls=4 25 
* 32

fn=(730) _IO_file_close_it@@GLIBC_2.2.5
128 32
+2 24
+4 16
+3 8
-3 8
-1 16
+6 8
+3 8
-3 8
cfi=(164)
cfn=(732)
calls=8 960 
* 80
+3 24
fi=(182)
940 24
+2 16
+1 16
fe=(165)
142 16
cfn=(734) _IO_file_close
calls=8 1164 
* 72
* 8
+3 24
+8 40
cfi=(164)
cfn=(626)
calls=8 329 
* 1285
+1 8
+3 8
-3 24
+3 8
cfi=(164)
cfn=(726)
calls=8 53 
* 32
+5 8
-4 8
+1 8
+3 8
-2 8
+3 40
-28 49
cfn=(824)
calls=7 423 
* 770
* 14

fn=(734)
1164 8
+3 16
cfi=(190) ./io/../sysdeps/unix/sysv/linux/close_nocancel.c
cfn=(736) __close_nocancel
calls=8 25 
* 48

fn=(824)
423 22
+2 66
+1 8
-3 14
fi=(182)
940 14
fe=(165)
423 28
fi=(182)
940 14
fe=(165)
423 14
fi=(182)
940 28
fe=(165)
423 70
+20 14
-10 28
+7 56
fi=(182)
942 28
+1 28
fe=(165)
448 56
cfn=(834)
calls=14 1173 
* 644
* 14
+1 70
+2 14
+4 28
-3 28
-1 28
+4 35
-2 7
-28 28
+1 56
+27 7
-28 28
+1 56
+28 35

fl=(120) ./wcsmbs/../sysdeps/x86_64/multiarch/wmemcmp.c
fn=(388) wmemcmp
29 1
fi=(121) ./wcsmbs/../sysdeps/x86_64/multiarch/ifunc-memcmp.h
+5 2
+1 1
-1 2
+1 2
+1 2
+1 3
+2 2
+4 3
+3 3
fe=(120)
-17 1

fl=(94) ./wcsmbs/../sysdeps/x86_64/multiarch/wcschr.c
fn=(318) wcschr
31 2
fi=(95)
+2 10
-1 4
+2 6
+2 4
+4 6
+3 8
fe=(94)
-12 2

fl=(87) ./wcsmbs/../sysdeps/x86_64/multiarch/wcsnlen.c
fn=(302) wcsnlen
29 1
fi=(88)
+5 4
-1 2
+2 3
+2 2
+4 3
+3 3
fe=(87)
-15 1

fl=(147) ./misc/./misc/init-misc.c
fn=(498) __init_misc
30 1
+1 2
-1 4
+1 3
+2 3
cob=(2)
cfi=(51)
cfn=(500) 0x00000000048845f0
calls=1 -33 
* 36
+4 5
+1 3
+2 4

fl=(183)
fn=(678)
28 3
+8 12
+2 3

fl=(89) ./string/../sysdeps/x86_64/multiarch/memset.c
fn=(306) memset
29 2
fi=(90) ./string/../sysdeps/x86_64/multiarch/ifunc-memset.h
+21 10
+3 6
+7 4
+9 4
+2 4
+10 4
+8 4
+2 10
fe=(89)

fl=(97) ./string/../sysdeps/x86_64/multiarch/strrchr.c
fn=(324) rindex
28 1
fi=(84)
+5 5
-1 2
+2 3
+2 2
+4 3
+3 4
fe=(97)
-15 1

fl=(146)
fn=(496)
46 4
+5 2
+4 5
+8 1
-2 1
+10 1
-9 1
+1 1
+9 2
-1 1
cfi=(147)
cfn=(498)
calls=1 -41 
* 61

fl=(181)
fn=(664)
33 3
+1 6
-1 18
+10 12
+1 2
+15 3
fi=(228) ./libio/../libio/libioP.h
940 9
+2 6
+1 6
fe=(181)
59 3
+1 3
-1 6
+1 9
-1 3
cfi=(165)
cfn=(666)
calls=3 900 
* 681

fl=(189) ./libio/./libio/iofclose.c
fn=(724) fclose@@GLIBC_2.2.5
34 40
+14 24
fi=(182)
883 16
+1 24
fe=(189)
57 8
fi=(182)
940 24
+2 16
+1 16
fe=(189)
57 24
cfi=(165)
cfn=(744)
calls=8 168 
* 232
+1 24
+13 16
fi=(182)
855 32
+1 32
+6 16
cob=(2)
cfi=(51)
cfn=(670)
calls=8 0 
* 728
fe=(189)
76 40
-27 8
cfi=(164)
cfn=(726)
calls=8 +4 
* 864
+2 96
+1 8
-1 16
fi=(182)
883 16
fe=(189)
52 16
+1 16
cfi=(165)
cfn=(730)
calls=8 +75 
* 2726
fi=(182)
883 8
fe=(189)
53 8
fi=(182)
883 16
+1 32
fe=(189)

fl=(136) ./elf/./elf/libc_early_init.c
fn=(440) __libc_early_init
33 7
+2 1
cfi=(137)
cfn=(442)
calls=1 -6 
* 17
+3 1
fi=(139) ./elf/../sysdeps/nptl/pthread_early_init.h
-5 2
fe=(136)
+8 1
-3 1
fi=(139)
-5 1
cfi=(138) ./resource/../sysdeps/unix/sysv/linux/getrlimit64.c
cfn=(444) getrlimit
calls=1 +5 
* 10
* 3
+1 6
+11 1
fi=(229) ./elf/../nptl/nptl-stack.h
+13 3
fi=(139)
-13 1
fi=(229)
+13 2
fi=(139)
-4 1
fi=(229)
+4 2
fi=(139)
-6 1
fi=(229)
+6 1
fi=(139)
-12 1
+6 6
+1 1
+4 1
cfi=(140) ./nptl/./nptl/pthread_mutex_conf.c
cfn=(448) __pthread_tunables_init
calls=1 -7 
* 884
fe=(136)
-10 3
+2 2
-2 1
cfi=(143) ./nptl/../sysdeps/unix/sysv/linux/x86/elision-conf.c
cfn=(462) __lll_elision_init
calls=1 +49 
* 147

fl=(185) ./libio/./libio/iofread.c
fn=(694) fread
31 5
+1 1
-1 1
+1 1
-1 2
+4 2
+2 17
+1 4
cfi=(164)
cfn=(696)
calls=1 409 
* 617
fi=(182)
883 2
+1 10
fe=(185)
40 2
+1 9
-1 2

fl=(110) ./string/../sysdeps/x86_64/multiarch/memcmp.c
fn=(358) bcmp
29 1
fi=(111) ./string/../sysdeps/x86_64/multiarch/ifunc-memcmp.h
+5 2
+1 1
-1 2
+1 2
+1 2
+1 3
+2 2
+4 3
+3 3
fe=(110)
-17 1

fl=(122) ./string/../sysdeps/x86_64/multiarch/stpcpy.c
fn=(392) stpcpy
33 1
fi=(101)
+3 2
+1 1
-1 2
+1 2
+2 2
+4 3
+3 3
fe=(122)
-13 1

fl=(96) ./string/../sysdeps/x86_64/multiarch/strchr.c
fn=(322) index
61 2
-20 4
+1 2
-1 4
-1 4
+2 4
+2 4
+4 6
+3 6
+10 2

fl=(116) ./string/../sysdeps/x86_64/multiarch/strcpy.c
fn=(374) strcpy
29 2
fi=(101)
+7 4
+1 2
-1 4
+1 4
+2 4
+4 6
+3 6
fe=(116)
-17 2

fl=(197) ./time/../sysdeps/unix/sysv/linux/clock_gettime.c
fn=(846) clock_gettime@@GLIBC_2.17
30 14
+8 28
+2 28
+28 28
+1 28
-25 14
+42 14

fl=(123) ./string/../sysdeps/x86_64/multiarch/memchr.c
fn=(396) memchr
29 1
fi=(124)
+6 5
-1 2
+2 3
+5 2
-3 2
+9 3
+3 4
fe=(123)
-21 1

fl=(204)
fn=(878)
48 136
+6 16
+12 16
+76 88
-71 8
+1 16
+9 8
cfi=(205)
cfn=(880)
calls=8 -50 
* 264
+2 24
+1 8
+4 16

fl=(148) ./string/../sysdeps/x86_64/multiarch/strrchr-avx2.S
fn=(502) __strrchr_avx2
46 1
+1 1
+1 1
+2 1
+1 1
+3 1
+1 1
+1 1
+33 1
+1 1
+1 1
+1 1
+1 1
+1 1
+1 1
+1 1
+1 1
+1 1
+3 1
+1 1
+9 1
+1 1
+98 1
+1 1
+8 1
+1 1
+1 1
+1 1
+1 1
+2 1
+1 1
+1 1
+1 2

fl=(156)
fn=(538)
28 3
+2 2
-1 1
+5 3

fl=(98) ./string/../sysdeps/x86_64/multiarch/memmove.c
fn=(328) memmove
29 2
fi=(93) ./string/../sysdeps/x86_64/multiarch/ifunc-memmove.h
+24 6
-1 4
+4 6
+14 4
+2 4
+8 4
+8 4
+2 10
fe=(98)

fl=(162)
fn=(574)
37 14
+6 7
-6 7
+3 7
-3 14
+3 7
+3 7
+20 1
+15 35
-20 14
+1 2
cfi=(163)
cfn=(576)
calls=1 -24 
* 9
* 2
+4 1
-1 14
+4 24
+8 6
cfi=(163)
cfn=(576)
calls=6 -39 
* 54
* 12

fl=(192) ./stdio-common/./stdio-common/fprintf.c
fn=(810) fprintf
27 19789
+4 1799
+1 3598
-1 8995
+1 1799
cfi=(193)
cfn=(812)
calls=1799 1180 
* 1038001
+4 8995

fl=(112) ./wcsmbs/../sysdeps/x86_64/multiarch/wmemset.c
fn=(362) wmemset
31 2
fi=(113) ./wcsmbs/../sysdeps/x86_64/multiarch/ifunc-wmemset.h
+2 10
+1 6
+2 4
+8 6
+3 8
fe=(112)
-16 2

fl=(117) ./string/../sysdeps/x86_64/multiarch/strcasecmp_l.c
fn=(378) strcasecmp_l
31 1
fi=(220)
+1 5
fe=(117)
-1 1

fl=(143)
fn=(462)
96 2
+5 1
-5 1
+5 1
-5 3
+5 3
cob=(2)
cfi=(51)
cfn=(450)
calls=1 0 
* 22
+2 4
cob=(2)
cfi=(51)
cfn=(450)
calls=1 0 
* 22
+2 4
cob=(2)
cfi=(51)
cfn=(450)
calls=1 0 
* 22
+2 4
cob=(2)
cfi=(51)
cfn=(450)
calls=1 0 
* 22
+2 4
cob=(2)
cfi=(51)
cfn=(450)
calls=1 0 
* 22
+4 3
+1 1
+1 6

fl=(140)
fn=(448)
50 2
+1 2
-1 4
+1 3
cob=(2)
cfi=(51)
cfn=(450)
calls=1 -51 
* 840
+2 4
cob=(2)
cfi=(51)
cfn=(450)
calls=1 -53 
* 23
+2 6

fl=(180) ./libio/./libio/fseek.c
fn=(662) fseek
32 18
+3 26
+1 10
cfi=(181)
cfn=(664)
calls=2 -3 
* 700
* 8
fi=(182)
883 4
+1 20
fe=(180)
39 12

fl=(92) ./string/../sysdeps/x86_64/multiarch/memcpy.c
fn=(314) memcpy@@GLIBC_2.14
29 1
fi=(93)
+24 3
-1 2
+4 3
+14 2
+2 2
+8 2
+8 2
+2 5
fe=(92)

fl=(104) ./string/../sysdeps/x86_64/multiarch/strncmp.c
fn=(344) strncmp
66 1
-25 4
+1 3
+2 2
+5 3
+3 3
+14 1

fl=(179) ./string/../sysdeps/x86_64/multiarch/memset-vec-unaligned-erms.S
fn=(652) __memset_avx2_unaligned_erms
181 1619
+1 4857
+5 1619
+1 1619
+1 679
+1 679
+3 521
+1 521
+1 1042
+9 74
+1 74
+2 148
+52 158
+1 158
+23 146
+1 146
+5 146
+3 146
+1 146
+3 72
+1 72
+13 72
+1 72
+2 72
+3 39
+3 39
+3 39
+1 39
+1 39
+1 39
+1 39
+1 39
+1 39
-6 101
+1 101
+1 101
+1 101
+1 101
+1 101
+1 140
+3 39
+1 39
+1 39
+1 39
+3 78
-6 33
+1 33
+1 33
+1 33
+3 66
+11 12
+1 12
+1 12
+1 60548
+1 12
+1 24
+12 940
+1 940
+28 940
+1 940
+1 1880

fl=(114) ./string/../sysdeps/x86_64/multiarch/memrchr.c
fn=(366) memrchr
29 1
fi=(84)
+4 5
-1 2
+2 3
+2 2
+4 3
+3 4
fe=(114)
-14 1

fl=(152)
fn=(512)
69 9
-28 2
+2 6
+1 2
cfn=(514) __new_exitfn
calls=1 +38 
* 32
+2 2
+10 1
+2 1
-5 3
+3 1
-1 1
+4 2
+1 1
-1 2
+12 6

fn=(514)
82 1
+6 2
-6 4
+11 4
-10 2
+12 4
-2 1
+10 1
-10 3
+45 1
+5 1
-4 1
+4 4
-18 1
-1 1
+1 1

fl=(153)
fn=(532)
29 4
+15 1
-15 5
+15 1
cfi=(154)
cfn=(534)
calls=1 -16 
* 34
* 1
+2 2
+5 2
+1 2
+3 2
+3 6
cob=(5)
cfi=(150)
cfn=(540) main
calls=1 -58 
* 15222599
* 1
+16 1
cfi=(211)
cfn=(898)
calls=1 +68 
* 1470

fl=(126) ./string/../sysdeps/x86_64/multiarch/mempcpy.c
fn=(402) mempcpy
33 1
fi=(93)
+20 3
-1 2
+4 3
+14 2
+2 2
+8 2
+8 2
+2 5
fe=(126)

fl=(169) ./string/../sysdeps/x86_64/multiarch/strchr-avx2.S
fn=(600) __strchr_avx2
51 1654
+2 1654
+1 1654
+1 1654
+1 1654
+1 1654
+3 1654
+1 1654
+4 1640
+1 1640
+1 1640
+1 1640
+1 1640
+1 1640
+1 1640
+1 1640
+3 1640
+1 1640
+2 1630
+1 3260
+20 10
+1 20
+6 2
+1 2
+3 2
+1 2
+2 2
+1 4
+35 2
+1 2
+1 2
+1 2
+1 2
+1 2
+1 2
276 14
+2 14
+1 14
+1 14
+1 14
+1 14
+1 14
+3 14
+1 14
+1 14
+1 12
+2 12
+2 12
+1 12
+1 12
+5 24

fn=(816) __strchrnul_avx2
51 3612
+2 3612
+1 3612
+1 3612
+1 3612
+1 3612
+3 3612
+1 3612
+4 3612
+1 3612
+1 3612
+1 3612
+1 3612
+1 3612
+1 3612
+1 3612
+6 3612
+1 7224

fl=(219)
fn=(966)
27 2
+3 1
+1 2

fl=(190)
fn=(736)
25 8
+1 32
+1 8

fl=(85) ./string/../sysdeps/x86_64/multiarch/strpbrk.c
fn=(298) strpbrk
29 1
fi=(227)
+1 5
fe=(85)
-1 1

fl=(172)
fn=(618)
78 90
+6 40
fi=(182)
940 30
+2 20
+1 20
fe=(172)
84 30
cfi=(165)
cfn=(620)
calls=10 1146 
* 180
* 20
+2 40
+11 40
+4 20
cob=(2)
cfi=(51)
cfn=(552) 0x0000000004884380
calls=10 0 
* 6117
* 10
+1 20
+2 40
cfi=(164)
cfn=(626)
calls=10 329 
* 240
+1 10
+1 80
-15 1
fi=(230) ./libio/../include/sys/sysmacros.h
-44 6
fe=(172)
+44 1
-2 2
+5 2

fl=(115) ./string/../sysdeps/x86_64/multiarch/strchrnul.c
fn=(370) strchrnul
31 1
fi=(84)
+2 5
-1 2
+2 3
+2 2
+4 3
+3 4
fe=(115)
-12 1

fl=(196) ./time/../sysdeps/unix/sysv/linux/clock.c
fn=(844) clock
25 28
+6 14
-6 42
+6 28
cfi=(197)
cfn=(846)
calls=14 -1 
* 154
* 28
+4 14
-1 14
+1 98
+1 70

fl=(160)
fn=(560)
28 1
+1 7
+1 1

fl=(108) ./string/../sysdeps/x86_64/multiarch/strcat.c
fn=(352) strcat
29 1
fi=(101)
+7 2
+1 1
-1 2
+1 2
+2 2
+4 3
+3 3
fe=(108)
-17 1

fl=(176)
fn=(636)
97 1
+1 3
cfi=(177)
cfn=(638)
calls=1 225 
* 161

fl=(217)
fn=(936)
76 2
+1 1
-1 1
+1 3
fi=(218) ./posix/../malloc/dynarray-skeleton.c
243 1
fe=(217)
65 2
+38 4
+1 2

fl=(188) ./string/../sysdeps/x86_64/multiarch/strcpy-avx2.S
fn=(772) __strcpy_avx2
53 11508
+6 11508
+2 11508
+5 11508
+2 11508
+1 11508
+1 11508
+2 5754
+1 5754
+2 5754
+1 5754
+1 5754
+14 5754
+1 5754
304 5754
+1 5754
+1 5754
+1 5754
+10 5754
+1 5754
+31 5754
+2 5754
+2 5754
+1 5754
-3 5754
+2 5754
+1 5754
+1 11508
+1 11508
+1 11487
+1 11487
+1 8764
+1 8764
+1 1470
+1 1470
+1 448
+1 448
+1 105
549 105
+1 105
+9 210
+4 343
+1 343
+1 343
+9 686
+4 1022
+1 1022
+9 2044
+4 7294
+1 7294
+1 7294
+1 7294
+10 14588
+4 2723
+1 2723
+1 2723
+1 2723
+10 5446
+4 21
+1 21
+1 21
+1 21
+10 42

fn=(718) __strncpy_avx2
53 1644
+2 1644
+1 1644
+1 1644
+2 1644
+2 1644
+5 1644
+2 1644
+1 1644
+1 1644
+2 804
+1 804
+2 804
+1 804
+1 804
+8 804
+1 804
+1 804
+2 804
+2 104
+1 104
+2 104
+1 104
+3 104
+1 104
+1 104
304 840
+1 840
+1 840
+1 840
+6 840
+2 840
503 4
+1 4
+1 4
+1 4
+16 104
+1 104
+1 104
+1 104

ob=(4) /usr/libexec/valgrind/vgpreload_core-amd64-linux.so
fl=(145) ???
fn=(482) 0x0000000000001170
0 12

fn=(926) 0x00000000000010e0
0 11
cob=(2)
cfi=(51)
cfn=(932) 0x000000000483f040
calls=1 0 
0 74
0 9

ob=(3)
fl=(188)
fn=(718)
529 700
+1 700
+1 700
+1 700
+8 840
+1 840
+1 836
662 15
+1 15
+7 30
+4 49
+1 49
+7 98
+4 414
+1 414
+1 414
+1 414
+7 828
+4 941
+1 941
+1 941
+1 941
+7 1882
+4 224
+1 224
+1 224
+1 224
+7 448
+4 1
+1 1
+1 1
+1 1
+7 2
963 1644
+1 1644
+1 1644
+1 1644
+1 1644
+1 1644
+1 1643
+1 1643
+1 1419
+1 1419
+1 478
+1 478
+1 64
+1 64
+1 15

fl=(138)
fn=(444)
38 2
+1 7
+1 1

fl=(214)
fn=(906)
77 1
+3 3
+2 1
+2 2
-7 2
+11 2
+79 1
+3 1
+2 1
+3 1
+2 1
+1 3
-81 2
+11 4
+4 1
+3 2
-71 1
+1 8
+1 1
+84 3
+1 2

fl=(157) ./libio/./libio/iofopen.c
fn=(550) fopen@@GLIBC_2.2.5
85 54
-20 9
+20 18
-20 9
cob=(2)
cfi=(51)
cfn=(552)
calls=9 -65 
* 2306
+2 27
+3 9
+2 18
-2 9
+2 45
cfi=(164)
cfn=(578)
calls=9 563 
* 495
+1 9
+1 9
-1 9
+1 9
cfi=(165)
cfn=(582)
calls=9 +32 
* 1017
+1 45
cfi=(165)
cfn=(590)
calls=9 213 
* 1864
* 18
-38 18

ob=(4)
fl=(145)
fn=(926)
0 1
cfn=(944) 0x0000000000001070
calls=1 0 
0 5
0 5

fn=(944)
0 4

ob=(3)
fl=(157)
fn=(550)
87 63

ob=(4)
fl=(145)
fn=(944)
0 1

fn=(490) 0x00000000000012f0
0 5

ob=(1)
fl=(68)
fn=(222)
fi=(69) ./elf/../sysdeps/generic/dl-cache.h
125 5
fe=(68)
294 2
+9 2
+3 2
+2 3
+1 2
+5 2
+1 4
+7 2
+21 4
513 2
+12 2
cfi=(22)
cfn=(60)
calls=1 41 
* 35
* 12
+1 1
-1 1
+1 1
-1 1
+1 1
cfi=(29)
cfn=(80)
calls=1 212 
* 11
* 1
+1 1
cfi=(45) ./string/./string/strdup.c
cfn=(140) strdup
calls=1 40 
* 89
+1 8
-3 2
424 4
cfi=(54)
cfn=(224)
calls=1 36 
* 91
* 1
+8 5
+1 8
+3 4
+1 1
-1 3
fi=(69)
194 1
+1 5
fe=(68)
444 1
+1 2

fn=(468)
537 1
+1 4
-1 1
+3 2
cfi=(72) ./misc/../sysdeps/unix/syscall-template.S
cfn=(470) munmap
calls=1 117 
* 6
+1 1
+4 1
+2 2

fl=(67) ./io/../sysdeps/unix/sysv/linux/stat64.c
fn=(220) stat
28 20
+1 40
cfi=(59)
cfn=(192)
calls=10 153 
* 98

fl=(45)
fn=(140)
40 15
+1 3
cfi=(22)
cfn=(60)
calls=3 * 
* 87
* 3
fi=(231) ./string/../include/rtld-malloc.h
+15 6
cfi=(27)
cfn=(76)
calls=3 -21 
* 75
fe=(45)
-12 6
+4 3
-1 9
+1 6
-1 3
cfi=(29)
cfn=(80)
calls=3 212 
* 41

fl=(60)
fn=(194)
47 24
+3 24
+8 48
+2 12

fl=(31)
fn=(138) expand_dynamic_string_token
385 14
241 2
385 2
241 2
385 2
241 2
cfi=(42)
cfn=(118)
calls=2 23 
* 72
+3 4
410 2
-11 2
+11 12
-11 2
cfi=(45)
cfn=(140)
calls=2 40 
* 168

fn=(134) fillin_rpath.isra.0
468 7
+4 1
-4 8
+6 3
cfi=(7)
cfn=(136)
calls=1 239 
* 240
* 3
cfi=(7)
cfn=(136)
calls=1 239 
* 8
* 6
+7 2
+2 3
cfn=(138)
calls=1 -98 
* 118
* 1
+4 2
+5 2
cfi=(22)
cfn=(60)
calls=1 41 
* 17
* 1
+1 2
+7 5
+9 15
+1 8
+55 2
fi=(28)
50 2
cfi=(27)
cfn=(144)
calls=1 +45 
* 5
+1 1
fe=(31)
528 2
+4 3
fi=(28)
56 1
cfi=(27)
cfn=(76)
calls=1 -21 
* 25
* 1
fe=(31)
534 2
+5 1
+1 2
-1 1
-1 1
+2 1
cfi=(29)
cfn=(128)
calls=1 199 
* 13
+3 1
-3 1
+1 1
+2 1
+6 1
+1 1
-1 3
+1 11
+1 1
-1 1
+1 2
-1 2
+1 1
-1 1
+1 2
-1 6
+1 1
-1 1
+1 1
-1 3
+1 1
-1 2
+3 1
+1 1
-1 1
+1 2
+1 1
+6 2
+1 2
-57 4
+66 1
+3 8
-46 4

fn=(106)
706 11
+14 1
-14 2
+14 2
cfi=(38)
cfn=(108)
calls=1 175 
* 1847
fi=(28)
56 1
fe=(31)
720 1
fi=(28)
56 1
cfi=(27)
cfn=(76)
calls=1 -21 
* 25
fe=(31)
725 1
+2 2
+7 2
+1 2
-1 3
+5 3
fi=(28)
56 1
cfi=(27)
cfn=(76)
calls=1 -21 
* 25
fe=(31)
739 1
+2 4
+17 1
-10 1
+19 1
-11 1
-9 1
+9 1
+12 2
-10 1
+3 2
+9 1
-7 1
+4 1
+3 2
-3 1
-8 1
+3 1
+8 1
-3 1
+1 16
cfi=(44)
cfn=(132)
calls=4 125 
* 72
+2 18
-14 3
+10 3
+4 3
-12 3
-2 3
+2 3
+4 3
-3 3
+3 3
+1 3
-2 3
+5 6
+1 3
-4 3
+4 3
+15 1
+3 1
-15 1
+7 1
-1 1
+9 2
+2 4
+2 3
+36 5
+2 2
cfi=(22)
cfn=(60)
calls=1 41 
* 17
* 9
-19 1
-2 1
+2 2
+19 9
cfi=(29)
cfn=(80)
calls=1 212 
* 11
* 1
+5 4
-1 2
+2 1
+1 2
-2 4
+1 13
+1 26
-2 52
+5 1
fi=(28)
56 1
cfi=(27)
cfn=(76)
calls=1 -21 
* 25
fe=(31)
836 1
fi=(28)
56 1
fe=(31)
838 2
+6 6
cfn=(134)
calls=1 468 
* 587
+3 3
+6 1
+4 8
-35 2
+5 2

fn=(176) open_verify.constprop.1
1568 11
+39 3
+19 4
cfi=(55)
cfn=(178)
calls=1 28 
* 19
* 1
+2 2
+11 1
+6 2
-5 1
+5 8
cfi=(56)
cfn=(180)
calls=1 25 
* 6
+2 2
+2 2
+2 2
+6 2
+17 11
fi=(28)
50 2
cfi=(27)
cfn=(144)
calls=1 +45 
* 5
fe=(31)
1856 9
1674 3
+74 2
+5 2
+2 4
+6 2
+6 1
+1 1
-1 3
+1 1
-1 1
+1 2
+1 2
+20 3
+31 1
-31 1
1633 1
1820 2
-31 66
+1 28
+1 8
+4 8
+25 12
+3 18
+3 2
-4 2
+4 4
+6 4
-36 6

fn=(184) _dl_map_object_from_fd
944 20
+10 2
-10 8
+10 2
cfi=(46)
cfn=(186)
calls=2 38 
* 14
* 2
+7 8
+85 8
+10 4
+7 14
cfi=(26)
cfn=(70)
calls=2 59 
* 766
* 2
+1 4
+11 4
+5 2
-5 2
+1 4
+1 2
+2 2
-2 2
+2 4
+1 6
+1 2
+19 2
-2 1
+2 12
-2 1
+2 30
+10 8
+85 2
-58 2
-34 2
-1 2
+93 2
+6 2
-64 4
+9 2
+55 4
-55 2
-42 2
+97 4
1101 2
-5 4
+15 60
+20 2
+1 1
-22 69
+1 127
1213 4
1110 2
1213 4
1110 6
1218 6
+10 4
+1 2
-1 2
+1 2
-1 6
+1 6
-1 6
+1 6
-1 18
1076 4
1235 4
+10 8
+7 4
fi=(61) ./elf/./dl-map-segments.h
96 2
fe=(31)
1252 6
fi=(61)
28 2
fe=(31)
1252 2
fi=(61)
96 2
fe=(31)
1252 2
fi=(61)
28 4
+1 16
cfi=(60)
cfn=(194)
calls=2 +18 
* 18
+74 4
-1 2
-73 2
+74 2
+3 4
+1 2
+2 2
-3 2
+1 2
+2 2
+7 8
+3 4
cfi=(72)
cfn=(236) mprotect
calls=1 -2 
* 6
* 3
+7 2
+2 2
fi=(62) ./elf/./dl-load.h
-37 16
+1 6
+2 16
fi=(61)
+56 32
+8 2
-2 2
+1 2
+2 2
-1 2
+1 2
-1 6
+8 4
+3 4
+8 14
cfi=(44)
cfn=(132)
calls=2 -52 
* 237
+1 4
+5 4
+12 8
-59 40
+2 12
+3 6
-3 12
+2 48
cfi=(60)
cfn=(194)
calls=6 -93 
* 54
* 18
fi=(57) ./elf/../sysdeps/posix/dl-fileid.h
37 6
cfi=(58)
cfn=(190)
calls=2 -8 
* 30
* 4
fe=(31)
999 4
fi=(57)
40 6
fe=(31)
999 2
fi=(57)
40 2
fe=(31)
999 23
+1 10
fi=(57)
49 12
fe=(31)
1515 18
1018 4
+66 13
+1 2
-1 1
+1 1
-1 1
+1 1
cfi=(71) ./io/../sysdeps/unix/sysv/linux/pread64_nocancel.c
cfn=(232) __pread64_nocancel
calls=1 25 
* 7
* 2
+26 26
+26 48
+10 8
-1 8
-1 8
+2 8
+2 8
-2 8
-1 48
+2 16
+1 8
+2 8
-3 8
+3 48
+2 16
+4 16
+1 30
+4 6
+1 6
-1 6
+1 42
-18 6
+28 6
-11 2
+1 2
-1 2
+1 14
-18 2
+28 2
-56 4
+7 2
+2 2
-2 2
+1 2
+1 2
-1 4
+1 16
+50 3
+5 1
-1 2
+5 1
-5 2
-56 1
+61 4
+1 1
+3 1
-3 1
+8 4
+15 4
+1 2
+58 8
+1 6
fi=(63) ./elf/./elf/get-dynamic-info.h
39 4
+6 2
-2 2
+2 4
+9 2
+5 2
+3 2
+2 2
-3 2
-3 2
-3 28
+13 8
-23 32
+23 29
-23 116
+4 74
+5 40
+2 10
+3 8
+13 8
+10 7
+1 8
+1 8
+1 8
+2 8
+5 7
+1 7
+1 8
+3 6
+5 2
+7 4
+1 6
+22 6
+5 2
+2 2
+2 2
+2 2
+4 6
+2 3
+1 2
+9 2
+6 2
+4 4
fe=(31)
1275 4
+1 4
+2 4
+10 6
+19 6
+2 10
+52 6
+1 2
+6 16
+1 42
+6 8
cfn=(88)
calls=2 868 
* 40
-7 54
+1 25
+6 25
-6 50
fi=(30)
95 16
213 2
-1 4
105 4
212 2
105 2
-2 2
-3 2
+2 2
+3 2
-4 4
+92 8
-1 2
-87 6
+3 6
+1 4
+1 4
+4 6
+4 6
+3 6
+1 4
+4 2
+1 8
+58 6
+2 8
-56 6
+1 3
+3 6
+3 3
+1 12
+5 6
+2 6
+5 6
+14 3
-1 6
+2 2
-1 4
fe=(31)
1380 4
cfi=(64)
cfn=(204)
calls=2 25 
* 12
* 4
+13 4
+2 8
+2 4
+16 4
cfi=(8)
cfn=(14)
calls=2 25 
* 58
+4 4
+1 4
+17 4
+1 1
+3 1
+5 1
-5 1
+5 1
-5 1
+5 1
-5 1
+5 1
+10 4
+7 12
+10 4
+1 4
+5 2
cfi=(47)
cfn=(238) _dl_assign_tls_modid
calls=1 131 
* 10
+7 6
cfi=(26)
cfn=(82)
calls=2 31 
* 94
+3 8
+23 14
+1 6
cfi=(49)
cfn=(206) _dl_audit_objopen
calls=2 76 
* 10
* 2
fi=(62)
95 5
+2 1
-1 2
+1 1
-1 1
+1 1
-1 1
+1 1
-1 2
+3 4
fe=(31)
1506 10
fi=(30)
198 8
+2 2
+1 2
+2 2
-3 6
fe=(31)
1368 6
fi=(63)
62 8
+2 8
fe=(31)
1084 2
fi=(61)
187 8
cfi=(60)
cfn=(194)
calls=1 47 
* 9
+3 2
fe=(31)
1462 6
+2 1
-1 5
+1 1
-1 1
+1 1
-1 1
cfi=(32)
cfn=(90)
calls=1 108 
* 25
* 2
+2 5
1275 2
fi=(57)
49 3
fi=(30)
170 3
-39 2
fe=(31)

fn=(216) open_path
1870 8
+1 1
-1 6
+1 1
+6 2
+5 16
-7 2
+7 1
-8 1
+8 2
+3 2
+9 6
+7 3
+1 1
-1 1
cfi=(29)
cfn=(128)
calls=1 199 
* 13
-12 1
+12 1
+59 5
-58 4
+3 20
+5 80
cfi=(29)
cfn=(128)
calls=10 199 
* 134
* 40
cfi=(29)
cfn=(128)
calls=10 199 
* 130
+3 20
+6 30
+3 60
cfn=(218) open_verify.constprop.0
calls=10 1568 
* 540
* 10
+2 30
+2 20
+65 8
+7 2
-2 2
+2 2
+3 3
-13 1
+27 9
1902 58
+29 20
+1 70
+6 20
+2 10
-2 10
+2 20
cfi=(67)
cfn=(220)
calls=10 28 
* 158
* 10
+3 10
-3 20
+1 1
+2 2
-2 1
+2 26
-61 2

fn=(218)
1568 121
+39 33
+19 44
cfi=(55)
cfn=(178)
calls=11 28 
* 239
* 11
+2 22
+11 1
+6 2
-5 1
+5 8
cfi=(56)
cfn=(180)
calls=1 25 
* 6
+2 2
+2 2
+2 2
+6 2
+17 11
fi=(28)
50 2
cfi=(27)
cfn=(144)
calls=1 +45 
* 5
fe=(31)
1856 99
1674 3
+74 2
+5 2
+2 4
+6 2
+6 1
+1 1
-1 3
+1 1
-1 1
+1 2
+21 3
+31 1
-31 1
1633 1
1820 2
-31 48
+1 24
+1 8
+4 8
+6 4
+1 28
+10 12
cfi=(71)
cfn=(232)
calls=2 25 
* 14
* 16
+8 18
+15 2
+6 1
-3 1
+1 1
+1 1
+1 2
-3 1
+1 1
+1 1
+2 1
-3 3
-1 1
+4 2
-19 18
+3 2
-4 2
+4 4
+5 1
+1 4
-60 13
+1 3
-1 1
+1 3
cfi=(71)
cfn=(232)
calls=1 25 
* 7
* 3
+16 5
1612 20
+62 3
1802 4
-30 2

fn=(172)
2022 30
+8 6
+1 12
+3 42
+5 49
+2 21
cfi=(54)
cfn=(174)
calls=7 68 
* 810
* 14
+4 12
+1 18
+4 2
-1 10
+1 2
+1 2
-1 2
+1 2
cfi=(32)
cfn=(90)
calls=2 108 
* 86
* 4
2329 27
2068 2
+1 2
-1 2
+1 2
-1 2
+1 2
-1 4
-44 2
+53 6
+17 4
-2 2
+2 2
cfi=(42)
cfn=(118)
calls=2 23 
* 48
* 4
2260 2
-1 3
cfn=(138)
calls=1 385 
* 168
+2 1
-3 1
+1 1
+2 2
+4 5
cfn=(176)
calls=1 1568 
* 283
+3 2
-3 1
+3 1
+12 4
+46 1
+1 3
-1 1
+1 9
cfn=(184)
calls=1 944 
* 1819
-1 1
+1 3
-1 1
+1 9
cfn=(184)
calls=1 944 
* 2221
* 6
2098 2
cfi=(22)
cfn=(60)
calls=1 41 
* 17
* 2
+2 2
+7 4
+51 11
cfn=(216)
calls=1 1870 
* 1656
+6 1
-6 1
+6 4
682 1
2165 1
682 2
2252 2
+28 4
+2 4
2111 1
696 3
2111 1
+1 1
696 2
2116 3
682 1
2117 1
682 2
2173 1
+14 2
+2 3
+4 2
cfi=(68)
cfn=(222)
calls=1 416 
* 1511
* 1
+2 2
+4 2
+8 3
+23 6
cfn=(218)
calls=1 1568 
* 396
+4 2
-4 1
+4 1
+1 2
2131 5
+1 10
682 1
2133 1
682 2
2157 3
+1 2
-16 2

fn=(212)
238 4
+3 2
-3 4
+7 2
-7 4
+3 2
cfi=(42)
cfn=(118)
calls=2 23 
* 72
+3 4
+20 14

fn=(88)
868 3
+8 3
-8 3
+8 3
-6 3
+12 6
-13 3
+13 3
-13 3
+13 6
+3 9
+1 6
+1 6
+43 3

fl=(49)
fn=(154)
28 6
+2 1
-1 1
+1 2
+6 6

fn=(206)
76 2
+1 8

fn=(466)
40 6
+4 3
-4 3
+4 3
-4 3
+4 3
-4 6
+4 3
+1 3
+1 12
+4 18

fn=(530) _dl_audit_preinit
117 1
+1 4

fn=(922)
96 4
+1 16

fl=(25)
fn=(68)
28 3
+1 3
+3 73
+13 63
-13 126
+2 130
+1 20
+5 2
-3 2
+3 2
+2 2
+7 1

fl=(9)
fn=(464)
262 1
+1 1

fn=(16)
85 4
+25 1
-25 6
+25 1
-1 1
+1 204
+11 1
-8 1
+1 1
-4 1
+3 1
+6 1
+2 13
-34 1
-1 1
+36 113
+3 1
+1 1
-5 85
+57 1
-57 1
+58 1
-1 1
-57 3
+29 1
-29 1
+30 1
-1 1
-29 3
+41 1
-41 1
+42 1
-1 1
-41 3
+35 1
-35 1
+36 1
-1 1
-35 3
+32 1
-32 1
+33 1
-1 1
-32 4
+13 1
-13 1
+14 1
-1 1
-13 3
+10 1
-10 1
+11 1
-1 1
-10 3
+7 1
-7 4
224 1
cfi=(10)
cfn=(18)
calls=1 +58 
* 33595
+3 1
cfi=(12)
cfn=(22)
calls=1 +54 
* 32
fi=(13)
36 2
cfi=(14)
cfn=(28)
calls=1 -1 
* 8
fi=(6)
215 1
cfi=(15)
cfn=(32)
calls=1 37 
* 7224
fe=(9)
+23 3
+1 1
cfi=(22)
cfn=(60)
calls=1 41 
* 17
* 1
+2 2
cfi=(23)
cfn=(62)
calls=1 37 
* 15
* 3
+12 3
+3 5
cfi=(2)
cfn=(64)
calls=1 1320 
* 102494
+2 9

fl=(64)
fn=(204)
25 3
+1 12
+1 3

fl=(142) ./elf/./elf/dl-runtime.c
fn=(458) _dl_fixup
46 152
+2 95
+1 19
+6 19
fi=(232) ./elf/../sysdeps/x86_64/dl-runtime.h
-27 19
fe=(142)
+21 19
+5 19
+1 19
-6 19
+6 38
+1 19
+2 19
-2 19
+2 19
-2 95
+7 38
+4 38
+4 57
+4 57
+1 76
-7 76
+16 19
-1 19
+1 38
+10 190
cfi=(79)
cfn=(280)
calls=19 840 
* 11120
* 19
+4 95
+10 190
+15 76
+9 57
+26 57
fi=(6)
+70 19
fe=(142)
-66 114
fi=(187) ./elf/../sysdeps/x86_64/dl-irel.h
32 5
cob=(3)
cfi=(89)
cfn=(306)
calls=1 -3 
* 24
cob=(3)
cfi=(116)
cfn=(374)
calls=1 -3 
* 17
cob=(3)
cfi=(118)
cfn=(380)
calls=1 -3 
* 21
cob=(3)
cfi=(119)
cfn=(384)
calls=1 -3 
* 17
cob=(3)
cfi=(96)
cfn=(322)
calls=1 +29 
* 19
fe=(142)
+93 10

fl=(19)
fn=(46)
255 24
-5 24
+16 12
-16 72
+13 12
+1 36
-3 24
+11 60
+5 24
+2 12
+1 12
-1 12
+5 48
cfn=(48) intel_check_word.constprop.0
calls=12 123 
* 3876
+2 24
+3 60
cfn=(48)
calls=12 123 
* 1156
+2 24
+3 5
cfn=(48)
calls=1 123 
* 20
+2 2
+3 5
cfn=(48)
calls=1 123 
* 255
+2 2
-35 3
+39 3
+5 96

fn=(48)
123 78
-4 78
+10 104
-10 26
+10 52
+2 52
+71 200
-71 102
+2 63
+2 126
+8 126
+51 102
+22 51
fi=(20) ./elf/../bits/stdlib-bsearch.h
28 51
-1 102
+4 102
+1 51
fe=(19)
+78 102
fi=(20)
-79 76
+1 38
fe=(19)
+78 76
+3 345
fi=(20)
-84 820
+2 512
+1 256
fe=(19)
+78 512
+15 15
246 104
fi=(20)
37 63
-8 151
fe=(19)
155 36
+3 36
-6 54
+3 14
+9 14
+23 19
-32 57
+3 57
+4 50
+2 100
+2 50
+2 36
+4 11
+2 22
+6 14
+3 8
+1 12
-8 4
+2 4
-1 4
-1 4
+2 8
-2 4
+3 12
-2 12
+2 8
-10 24
+1 10
+11 12
-26 4
+9 4
+23 2
-32 6
+3 6
+4 8
+2 16
+2 8
-11 3
+7 6
+2 12

fn=(52)
481 1
+17 1
-17 4
+16 1
-16 1
+15 1
-15 3
+18 1
-1 1
+9 2
+3 3
+11 1
-11 1
-5 1
+21 3
+4 2
681 4
+1 5
+4 2
+9 2
-2 1
+2 2
-1 1
+1 3
535 6
+3 8
+7 2
-7 9
+7 6
+3 26
+14 2
+4 1
+3 1
+1 1
-4 2
+3 3
+6 2
-37 6
+15 2
+4 1
+1 1
-1 2
+18 2
-68 6
+74 4
+8 7
+2 2
+4 3
+2 1
+2 5
-4 1
+16 1
-16 3
+21 2
-21 4
+3 1
+1 4
-4 1
+6 4
+3 2
+5 1
+2 2
+1 1
+1 1
-2 2
+1 1
-19 5
+46 2
+1 1
+1 2
+2 2
-1 3
-23 2
+7 1
+2 2
-16 1
+22 1
-6 2
+1 1
+5 1

fl=(32)
fn=(90)
108 189
+33 189
+1 189
+2 189
+1 189
+21 189
+1 189
+1 146
+1 146
+1 122
+1 122
+1 122
+1 122
+21 122
+1 122
+1 122
+1 122
+1 122
+1 122
+1 122
+5 5
+1 15
+9 5
+1 5
+1 5
+1 5
+1 5
+1 5
+1 5
+1 5
-7 67
+1 67
+1 67
+1 67
+1 67
+1 67
+1 67
+1 67
+1 68
+1 33
+1 33
+1 33
+2 33
+1 33
+1 33
+1 33
+1 33
+1 33
-5 35
+1 35
+1 35
+1 35
+1 35
+1 35
+10 4
+1 4
+1 4
+2 4
+6 4
+1 4
+1 4
+1 4
+1 4
+5 4
+2 3
+1 3
+1 6
+8 3
+1 3
+3 3
+1 3
+1 3
+1 3
+1 3
+1 3
943 1
+1 1
+1 1
+1 1
+1 1
+2 1
+1 1
+1 1
+1 1
+1 1
+1 1
+1 1
+1 1
+4 1
+1 1
+1 1
+6 1
+1 1
+1 2
+4 1
+1 1
+3 1
+1 1
+1 1
+3 1
+1 1
+1 1
+6 1
+1 1
+1 1
+1 1
+1 1
+1 1
+72 6
+1 6
+1 6
+1 6
+1 6
+2 6
+1 6
+1 6
+1 6
+1 6
+1 6
+1 6
+1 2
+4 2
+1 2
+1 2
+6 2
+1 2
+1 4
+4 2
+1 2
+3 2
+1 2
+1 2
+3 2
+1 2
+1 2
+6 2
+1 2
+1 2
+1 2
+1 2
+1 2
+7 1
+1 1
+2 1
+1 1
+2 1
+1 1
+1 1
+3 1
+1 1
+1 1
+6 1
+1 1
+1 1
+1 1
+1 1
+1 1
+41 2
+1 2
+1 2
+1 2
+1 2
+2 2
+1 2
+1 2
+1 2
+1 2
+1 2
+1 2
1318 2
+1 2
+1 2
+1 2
+1 2
+2 2
+1 2
+1 2
+1 2
+1 2
+1 2
+1 2
+1 2
+4 2
+1 2
+1 2
+6 2
+1 2
+1 4
+4 2
+1 2
+3 2
+1 2
+1 2
+3 2
+1 2
+1 2
+6 2
+1 2
+1 2
+1 2
+1 2
+1 2
+72 1
+1 1
+1 1
+1 1
+1 1
+2 1
+1 1
+1 1
+1 1
+1 1
+1 1
+1 1
+1 1
+4 1
+1 1
+1 1
+6 1
+1 1
+1 2
+4 1
+1 1
+3 1
+1 1
+1 1
+3 1
+1 1
+1 1
+6 1
+1 1
+1 1
+1 1
+1 1
+1 1
+72 22
+1 22
+1 22
+1 22
+1 22
+2 22
+1 22
+1 22
+1 22
+1 22
+1 22
+1 22
+1 22
+4 22
+1 22
+1 22
+6 22
+1 22
+1 44
+4 22
+1 22
+3 22
+1 22
+1 22
+3 22
+1 22
+1 22
+6 22
+1 22
+1 22
+1 22
+1 22
+1 22
+72 7
+1 7
+1 7
+1 7
+1 7
+2 7
+1 7
+1 7
+1 7
+1 7
+1 7
+1 7
+1 4
+4 4
+1 4
+1 4
+6 4
+1 4
+1 8
+4 4
+1 4
+3 4
+1 4
+1 4
+3 4
+1 4
+1 4
+6 4
+1 4
+1 4
+1 4
+1 4
+1 4
+72 3
+1 3
+1 3
+1 3
+1 3
+2 3
+1 3
+1 3
+1 3
+1 3
+1 3
+1 3
1943 3
+1 3
+1 3
+1 3
+1 3
+2 3
+1 3
+1 3
+1 3
+1 3
+1 3
+1 3
+1 2
+4 2
+1 2
+1 2
+6 2
+1 2
+1 4
+4 2
+1 2
+3 2
+1 2
+1 2
+3 2
+1 2
+1 2
+6 2
+1 2
+1 2
+1 2
+1 2
+1 2
+72 21
+1 21
+1 21
+1 21
+1 21
+2 21
+1 21
+1 21
+1 21
+1 21
+1 21
+1 21
+2 8
+4 8
+1 8
+1 8
+6 8
+1 8
+2 16
+4 8
+1 8
+3 8
+1 8
+1 8
+3 8
+1 8
+1 8
+6 8
+1 8
+1 8
+1 8
+1 8
+1 8
+74 45
+2 45
+1 45
+1 45
+1 45
-3 27
+1 27
+1 27
+1 27
+1 66
+5 33
+6 33
+1 33
+8 33
+1 33
-16 156
+6 156
+1 156
+8 156
+1 156

fl=(71)
fn=(232)
25 8
+1 16
+1 4

fl=(36) ./posix/../sysdeps/unix/syscall-template.S
fn=(102) uname
120 5
+2 1

fl=(13)
fn=(100)
46 5
+2 3
+85 5
-45 2
cfi=(36)
cfn=(102)
calls=1 +32 
* 6
+15 1
-15 2
+20 1
-1 1
+3 12
+4 3
-2 6
+2 10
+3 1
-1 1
+1 3
-3 4
+7 3
-1 3
+4 3
-2 3
+2 10
+5 2

fl=(135)
fn=(438)
27 1
+2 2
-2 1
+6 3
-6 1
+6 3
-6 1
+6 1
cfi=(134)
cfn=(434)
calls=1 +41 
* 177
+4 2
+2 4
+2 1
-1 1
+1 2
-1 1
cob=(3)
cfi=(136)
cfn=(440)
calls=1 -7 
* 1108

fl=(72)
fn=(236)
117 25
+5 5

fn=(470)
117 5
+5 1

fl=(141) ./elf/../sysdeps/x86_64/dl-trampoline.h
fn=(456) _dl_runtime_resolve_xsave
67 19
+5 19
+3 19
+2 19
+10 19
+6 19
+1 19
+1 19
+1 19
+1 19
+1 19
+1 19
+4 19
+1 19
+3 19
+1 19
+2 19
+1 19
+1 19
+1 19
+1 19
+1 19
+2 19
+7 19
+1 19
+1 19
cfi=(142)
cfn=(458)
calls=19 -80 
* 13057
+1 19
+5 19
+1 19
+1 19
+2 19
+1 19
+1 19
+1 19
+1 19
+1 19
+1 19
+2 19
+2 19
+4 19
+2 19

fl=(8)
fn=(14)
25 4
+3 4
-3 4
+3 8
+3 12
+1 8
+2 4
-1 4
+3 12
+1 4
+4 4
-3 4
+7 4
-4 4
-3 4
+2 8
+5 4
-5 4
-2 4
+7 4
-5 4
+10 4

fl=(43)
fn=(124)
22 1
+5 1
+1 1
+1 1
+1 1
+1 1
+1 1
+1 1
+1 1
+3 1
+1 1
+1 1
+1 1
+1 1
+1 1
+1 1
+1 1
+1 1
+2 1
+1 1
+17 1
+1 1
+17 1
+1 1
+1 1
+1 1
+1 1
+4 1
+47 1
+1 1
+1 1
+1 1
+1 1
+1 1
+1 1
+1 1
+1 1
+1 1
+1 1
+1 1
+1 1

fl=(53)
fn=(168)
30 3
+2 3
+9 3
+1 6
+1 3
+4 3
+1 3
+1 3
+1 3
+1 3
+2 6
+2 3
+1 3
+1 3
+2 6
+2 3
+8 3
+3 3
+1 3
+7 3
+1 3

fl=(129)
fn=(416)
561 4
+3 1
+2 2
+13 1
cfn=(420) _dlfo_process_initial
calls=1 474 
* 79
+1 1
-1 1
+1 1
fi=(28)
56 1
cfi=(27)
cfn=(76)
calls=1 -21 
* 25
fe=(129)
580 1
fi=(28)
56 1
fe=(129)
582 2
+3 2
+5 1
+1 1
cfn=(420)
calls=1 474 
* 280
+3 3
+10 4
-37 2
cfi=(130)
cfn=(418)
calls=1 95 
* 68
* 1
+29 2
cfn=(422) _dlfo_sort_mappings
calls=1 -60 
* 80
+3 6
+2 1

fn=(420)
474 2
+3 2
-3 2
+1 2
+3 4
+26 14
+1 6
+1 8
-1 16
+3 28
+3 24
-7 10
+25 2
+2 8
-18 18
+3 6
-1 6
cfi=(130)
cfn=(418)
calls=3 95 
* 189
+2 12

fn=(422)
536 1
+1 2
+3 4
+4 1
+1 1
-1 1
+1 2
-1 1
+1 1
-1 1
+1 6
+1 19
-1 9
+8 6
+1 4
-1 2
-13 4
+14 6
+1 4
-15 4
+17 1

fl=(47)
fn=(260)
97 2
+4 1
-4 2
+4 1
-4 2
+4 3
cfi=(10)
cfn=(24)
calls=1 405 
* 21
* 1
+1 4
cfi=(10)
cfn=(24)
calls=1 405 
* 21
* 1
+8 1
-8 1
+6 2
+2 3
+3 1
+2 1
-32 3
+34 3
+1 5

fn=(412)
1015 8
+6 1
+3 1
+1 1
+4 3
+34 2
+3 3
+1 3
+3 6

fn=(264)
422 2
+13 1
-13 2
+2 1
+12 1
fi=(28)
56 1
cfi=(27)
cfn=(76)
calls=1 -21 
* 53
fe=(47)
437 3
+8 2
fi=(28)
44 1
fe=(47)
445 2
+1 1
+4 321
+19 1
-99 1
+4 1
+1 1
fi=(28)
44 1
cfi=(27)
cfn=(72)
calls=1 +34 
* 36
fe=(47)
376 2
+3 1
+6 2
+90 5

fn=(238)
131 2
+3 1
+13 1
-13 1
+52 1
+2 1
+3 1
+1 2

fn=(414)
528 10
+1 2
+4 1
+6 1
-6 1
+6 1
cfi=(24)
cfn=(84)
calls=1 42 
* 3
+3 3
+12 1
-18 1
-1 1
+43 3
-19 13
+9 3
+1 2
+6 3
+1 1
+2 2
-2 1
+6 1
-4 2
+4 1
-4 2
+3 2
+4 2
+1 4
+2 2
+1 2
+17 1
-8 1
+8 1
+2 3
cfi=(29)
cfn=(128)
calls=1 199 
* 13
* 5
cfi=(44)
cfn=(132)
calls=1 125 
* 25
-49 1
+55 1
-55 4
+6 4
+55 2
cfi=(24)
cfn=(84)
calls=1 42 
* 3
+3 2
+3 9

fn=(148)
197 1
+2 2
+1 1
+15 2

fn=(262)
221 8
+6 3
+3 2
+36 3
+2 1
-2 1
-2 1
-40 1
-1 1
-1 1
+46 2
+23 3
+3 1
-3 4
+2 2
-2 1
-25 1
+20 1
-20 5
+2 2
+3 1
-1 1
+5 2
-5 1
+1 1
-1 1
+3 2
+2 3
+32 3
-1 1
+1 4
+2 2
-2 2
+53 8

fl=(78)
fn=(272)
194 8
+14 4
-14 36
+16 4
-16 8
+14 4
+2 8
+3 4
-1 4
+1 8
+19 8
+6 20
-34 8
+38 8
+7 16
fi=(6)
71 14
+6 8
+4 6
+14 2
-8 2
+8 4
+20 4
+4 10
-2 4
fe=(78)
288 159
-83 2
fi=(6)
474 8
fe=(78)
205 4
+83 4
fi=(5)
49 2
fe=(78)
288 2
fi=(5)
60 2
-11 4
+11 4
fe=(78)
288 2
-83 2
fi=(6)
474 8
fe=(78)
205 4
+83 4
fi=(5)
49 2
fe=(78)
288 2
fi=(5)
60 2
-11 4
+11 4
fe=(78)
288 8
fi=(5)
49 4
fe=(78)
288 4
fi=(5)
60 4
-11 8
+11 8
-7 2
-1 2
+11 16
fi=(6)
545 68
+4 68
+3 102
+1 34
fi=(5)
63 102
+2 296
+2 120
-4 120
+13 12
+1 8
+1 80
fi=(6)
545 40
+34 80
+2 40
cob=(3)
cfi=(128)
cfn=(408)
calls=1 31 
* 23
cob=(3)
cfi=(127)
cfn=(406)
calls=1 31 
* 7
cob=(3)
cfi=(126)
cfn=(402)
calls=1 33 
* 22
cob=(3)
cfi=(125)
cfn=(400)
calls=1 29 
* 7
cob=(3)
cfi=(123)
cfn=(396)
calls=1 29 
* 23
cob=(3)
cfi=(122)
cfn=(392)
calls=1 33 
* 17
cob=(3)
cfi=(120)
cfn=(388)
calls=1 29 
* 22
cob=(3)
cfi=(119)
cfn=(384)
calls=1 29 
* 17
cob=(3)
cfi=(118)
cfn=(380)
calls=1 29 
* 21
cob=(3)
cfi=(117)
cfn=(378)
calls=1 31 
* 7
cob=(3)
cfi=(116)
cfn=(374)
calls=1 29 
* 17
cob=(3)
cfi=(115)
cfn=(370)
calls=1 31 
* 21
cob=(3)
cfi=(114)
cfn=(366)
calls=1 29 
* 21
cob=(3)
cfi=(112)
cfn=(362)
calls=2 31 
* 38
cob=(3)
cfi=(110)
cfn=(358)
calls=1 29 
* 22
cob=(3)
cfi=(109)
cfn=(356)
calls=1 31 
* 7
cob=(3)
cfi=(108)
cfn=(352)
calls=1 29 
* 17
cob=(3)
cfi=(107)
cfn=(350)
calls=1 43 
* 7
cob=(3)
cfi=(106)
cfn=(348)
calls=1 29 
* 7
cob=(3)
cfi=(105)
cfn=(346)
calls=1 31 
* 7
cob=(3)
cfi=(104)
cfn=(344)
calls=1 66 
* 17
cob=(3)
cfi=(102)
cfn=(340)
calls=2 31 
* 46
cob=(3)
cfi=(100)
cfn=(336)
calls=1 31 
* 17
cob=(3)
cfi=(99)
cfn=(332)
calls=1 30 
* 21
cob=(3)
cfi=(98)
cfn=(328)
calls=2 29 
* 44
cob=(3)
cfi=(97)
cfn=(324)
calls=1 28 
* 21
cob=(3)
cfi=(96)
cfn=(322)
calls=1 61 
* 19
cob=(3)
cfi=(94)
cfn=(318)
calls=2 31 
* 42
cob=(3)
cfi=(92)
cfn=(314)
calls=1 29 
* 22
cob=(3)
cfi=(91)
cfn=(310)
calls=1 29 
* 19
cob=(3)
cfi=(89)
cfn=(306)
calls=1 29 
* 24
cob=(3)
cfi=(87)
cfn=(302)
calls=1 29 
* 19
cob=(3)
cfi=(86)
cfn=(300)
calls=1 65 
* 17
cob=(3)
cfi=(85)
cfn=(298)
calls=1 29 
* 7
cob=(3)
cfi=(83)
cfn=(294)
calls=2 31 
* 42
-36 40
+37 40
fi=(5)
77 121
fe=(78)
288 32
+3 24
+24 4
+3 8
+17 12
+2 32
-98 8
fi=(5)
86 12
+2 12
+12 6
-14 24
+14 12
+10 8
+3 10
+1 2
fi=(6)
529 2
fi=(5)
114 2
fi=(6)
529 4
fi=(5)
114 1196
fi=(6)
529 1196
fi=(5)
114 1196
fi=(6)
529 2392
+5 2396
+1 1198
fi=(5)
113 1198
fi=(6)
535 1198
-5 1198
fi=(5)
113 2396
+7 24
+4 16
+2 8
-73 3
fi=(6)
484 3
fi=(5)
52 3
fi=(6)
484 6
fi=(5)
128 6
+1 3
+1 3
-2 3
+2 3
+3 3
-5 3
+2 3
-2 3
+1 6
+2 3
-2 3
+2 9
+2 6
-5 190
+1 95
+1 95
-2 95
+2 95
+3 95
-5 95
+2 95
-2 95
+1 190
+2 95
-2 95
+2 285
+2 190
+9 96
fi=(6)
262 192
+21 192
+4 192
+7 384
fi=(4)
138 240
fi=(6)
294 3047
cfi=(79)
cfn=(280)
calls=77 840 
* 43878
* 693
+2 240
+30 576
450 231
fi=(5)
145 265
-19 294
+32 15
+1 6
fi=(6)
294 2
+22 2
-22 4
fi=(5)
160 6
+3 2
+4 2
-4 2
+4 4
-2 2
-2 2
+2 2
+1 2
-1 4
fi=(6)
294 8
508 2
-1 4
+1 4
+1 2
cfi=(15)
cfn=(436)
calls=1 71 
* 6
cob=(3)
cfi=(81)
cfn=(290)
calls=1 86 
* 28
+1 2
fi=(5)
159 2
fi=(6)
510 2
fi=(5)
159 8
-14 6
+1 12
fi=(6)
490 6
+5 4
-1 6
+1 4
-1 2
cfi=(29)
cfn=(80)
calls=2 212 
* 22
+2 8
+1 2
-75 51
+4 68
+5 17
+9 17
-9 34
+9 17
fi=(5)
145 66
fi=(6)
296 143
+3 95
-3 95
+3 190
fi=(5)
135 10
+3 2
fi=(6)
296 79
+3 79
-3 174
+3 4
fi=(5)
50 8
fe=(78)
308 14
fi=(6)
-14 29
fi=(5)
110 3
fe=(78)
343 20
+3 4
-3 4
+3 4
+4 8
+1 16
cfi=(72)
cfn=(236)
calls=4 117 
* 24
* 8
-63 3
fi=(5)
53 2
175 7
+2 2
+1 2
-1 1
+3 1
-3 4
+3 2
-3 10
+1 10
-1 5
+3 5
-3 20
+3 10
+8 6
fi=(6)
+74 12
+21 12
+4 12
+7 24
fi=(4)
138 18
fi=(6)
294 204
cfi=(79)
cfn=(280)
calls=6 840 
* 3162
* 54
+2 18
+30 36
450 12
fi=(5)
191 18
-16 18
+30 4
fi=(6)
+91 2
+3 2
-3 2
+3 4
-3 2
+3 2
-3 4
fe=(78)

ob=(2)
fl=(51)
fn=(526)
0 2
cob=(1)
cfi=(49)
cfn=(530)
calls=1 117 
0 5
cob=(1)
cfi=(141)
cfn=(456)
calls=1 67 
0 824
0 5

fn=(828)
0 7222
cob=(3)
cfi=(186)
cfn=(830)
calls=3611 294 
0 65327

fn=(920)
0 4

fn=(932)
0 2
cob=(3)
cfi=(216)
cfn=(934)
calls=1 30 
0 72

fn=(924)
0 3
cob=(4)
cfi=(145)
cfn=(926)
calls=1 0 
0 105
0 2

fn=(160)
0 2
cob=(1)
cfi=(52)
cfn=(162)
calls=1 225 
0 2782

fn=(450)
0 38
cob=(1)
cfi=(10)
cfn=(24)
calls=19 405 
0 391
cob=(1)
cfi=(141)
cfn=(456)
calls=1 67 
0 813
0 5

fn=(500)
0 2
cob=(3)
cfi=(148)
cfn=(502)
calls=1 46 
0 34

fn=(552)
0 38
cob=(3)
cfi=(158)
cfn=(554)
calls=19 3287 
0 8385

fn=(598)
0 18
cob=(3)
cfi=(169)
cfn=(600)
calls=9 51 
0 189

fn=(650)
0 18
cob=(3)
cfi=(179)
cfn=(652)
calls=9 181 
0 39185

fn=(814)
0 7224
cob=(3)
cfi=(169)
cfn=(816)
calls=3612 51 
0 68628

fn=(516)
0 7

fn=(670)
0 36
cob=(3)
cfi=(158)
cfn=(672)
calls=18 3352 
0 1741

fn=(702)
0 3222
cob=(3)
cfi=(186)
cfn=(704)
calls=1611 307 
0 36145

fn=(894)
0 14
cob=(3)
cfi=(191)
cfn=(766)
calls=7 50 
0 98

fn=(164)
0 6
cob=(1)
cfi=(52)
cfn=(166)
calls=3 175 
0 9701

fn=(478)
0 6
cob=(4)
cfi=(145)
cfn=(482)
calls=1 0 
0 12
0 1
cob=(4)
cfi=(145)
cfn=(490)
calls=1 0 
0 5
0 2

ob=(5)
fl=(198) ./updated_hash_table/my_strcmp.asm
fn=(850) 0x0000000000401d60
9 177584
+1 177584
+1 176813
+1 176813
+1 176813
+1 19401
+1 19401
+1 19401
+3 157539
+1 157539
+3 771
+1 771
+1 644
+1 644

fl=(150)
fn=(656) find_file_size(_IO_FILE*)
0 10
cob=(3)
cfi=(180)
cfn=(662)
calls=1 32 
0 583
cob=(1)
cfi=(141)
cfn=(456)
calls=1 67 
0 703
0 5
0 3
cob=(3)
cfi=(184)
cfn=(686)
calls=1 34 
0 115
cob=(1)
cfi=(141)
cfn=(456)
calls=1 67 
0 711
0 5
0 6
cob=(3)
cfi=(180)
cfn=(662)
calls=1 32 
0 215
0 1
0 3

fn=(798) shift_left(char*)
0 268116
cob=(3)
cfi=(191)
cfn=(766)
calls=8706 50 
0 122034
0 8706
0 8690
cob=(3)
cfi=(191)
cfn=(766)
calls=1738 50 
0 24358
0 1738
0 38284

fn=(756) make_list(int)
0 14392
cob=(3)
cfi=(158)
cfn=(646)
calls=1799 3624 
0 397246
0 1799
0 19789
cob=(3)
cfi=(158)
cfn=(646)
calls=1799 3624 
0 394848
0 1799
0 10794

fn=(790) first_ascii_func(char*)
0 15642

fn=(796) shift_right(char*)
0 268116
cob=(3)
cfi=(191)
cfn=(766)
calls=8706 50 
0 122034
0 8706
0 8690
cob=(3)
cfi=(191)
cfn=(766)
calls=1738 50 
0 24358
0 1738
0 38284

fn=(910)
0 6
cfn=(914) 0x00000000004011b0
calls=1 0 
0 4
0 3

fn=(914)
0 4

fn=(754) make_hash_table(int (*)(char*), char**, unsigned long)
0 84
cob=(3)
cfi=(158)
cfn=(646)
calls=7 3624 
0 24466
0 7
0 12614
cfn=(756)
calls=1799 0 
0 840667
0 110796
cfn=(802) crc32(char*)
calls=1644 0 
0 558797
cfn=(800) ascii_sum(char*)
calls=1644 0 
0 372160
cfn=(798)
calls=1644 0 
0 443773
cfn=(796)
calls=1644 0 
0 443773
cfn=(794) word_length(char*)
calls=1644 0 
0 41126
cfn=(790)
calls=1644 0 
0 14796
cfn=(758) const_func(char*)
calls=1644 0 
0 11508
0 184128
cfn=(760) append_to_list(list_struct*, char*)
calls=11508 0 
0 4250876
0 57596

fn=(760)
0 160874
cfn=(774) list_realloc(list_struct*, int)
calls=1610 0 
0 710284
0 34524
cob=(3)
cfi=(191)
cfn=(766)
calls=11508 50 
0 161294
cob=(1)
cfi=(141)
cfn=(456)
calls=1 67 
0 727
0 11512
0 126588
cob=(3)
cfi=(158)
cfn=(646)
calls=11508 3624 
0 2438593
0 11508
0 149604
cob=(3)
cfi=(188)
cfn=(772)
calls=11508 53 
0 329546
cob=(1)
cfi=(141)
cfn=(456)
calls=1 67 
0 738
0 11512
0 103572

fn=(804) put_hash_into_file(list_struct**, char const*)
0 77
cob=(3)
cfi=(157)
cfn=(550)
calls=7 85 
0 3241
0 7
0 23408
cob=(3)
cfi=(192)
cfn=(810)
calls=1799 27 
0 1082976
cob=(1)
cfi=(141)
cfn=(456)
calls=1 67 
0 695
0 1803
0 5432
cob=(3)
cfi=(189)
cfn=(724)
calls=7 34 
0 4599
0 7
0 21

fn=(540)
0 5
cfn=(542) take_symb_qty()
calls=1 0 
0 4949
0 5
cob=(3)
cfi=(158)
cfn=(646)
calls=1 3624 
0 13397
cob=(1)
cfi=(141)
cfn=(456)
calls=1 67 
0 694
0 5
0 4
cfn=(654) fill_word_array(char**)
calls=1 0 
0 541312
0 6
cfn=(754)
calls=1 0 
0 750364
0 7
cfn=(754)
calls=1 0 
0 778152
0 7
cfn=(754)
calls=1 0 
0 774916
0 7
cfn=(754)
calls=1 0 
0 1244819
0 7
cfn=(754)
calls=1 0 
0 1251431
0 7
cfn=(754)
calls=1 0 
0 1188840
0 7
cfn=(754)
calls=1 0 
0 1378645
0 6
cfn=(804)
calls=1 0 
0 163082
0 5
cfn=(804)
calls=1 0 
0 159053
0 5
cfn=(804)
calls=1 0 
0 158497
0 5
cfn=(804)
calls=1 0 
0 160610
0 5
cfn=(804)
calls=1 0 
0 160450
0 5
cfn=(804)
calls=1 0 
0 160360
0 5
cfn=(804)
calls=1 0 
0 160214
0 5
cfn=(838) get_work_time(list_struct**, int (*)(char*))
calls=1 0 
0 5024561
0 6
cob=(3)
cfi=(199)
cfn=(866)
calls=1 28 
0 3367
cob=(1)
cfi=(141)
cfn=(456)
calls=1 67 
0 687
0 5
0 5
cfn=(838)
calls=1 0 
0 283552
0 6
cob=(3)
cfi=(199)
cfn=(866)
calls=1 28 
0 2768
0 1
0 5
cfn=(838)
calls=1 0 
0 599079
0 6
cob=(3)
cfi=(199)
cfn=(866)
calls=1 28 
0 2614
0 1
0 5
cfn=(838)
calls=1 0 
0 60118
0 6
cob=(3)
cfi=(199)
cfn=(866)
calls=1 28 
0 2531
0 1
0 5
cfn=(838)
calls=1 0 
0 63097
0 6
cob=(3)
cfi=(199)
cfn=(866)
calls=1 28 
0 2520
0 1
0 5
cfn=(838)
calls=1 0 
0 56371
0 6
cob=(3)
cfi=(199)
cfn=(866)
calls=1 28 
0 2512
0 1
0 5
cfn=(838)
calls=1 0 
0 66342
0 6
cob=(3)
cfi=(199)
cfn=(866)
calls=1 28 
0 2501
0 1
0 3

fn=(542)
0 13
cob=(3)
cfi=(157)
cfn=(550)
calls=1 85 
0 2220
cob=(1)
cfi=(141)
cfn=(456)
calls=1 67 
0 679
0 5
0 8
cob=(3)
cfi=(170)
cfn=(606)
calls=1 25 
0 1201
cob=(1)
cfi=(141)
cfn=(456)
calls=1 67 
0 812
0 5
0 6

fn=(800)
0 151414
cob=(3)
cfi=(191)
cfn=(766)
calls=10444 50 
0 146392
0 10444
0 8690
cob=(3)
cfi=(191)
cfn=(766)
calls=1738 50 
0 24358
0 1738
0 52172

fn=(802)
0 349850
cob=(3)
cfi=(191)
cfn=(766)
calls=10444 50 
0 146392
0 10444
0 8690
cob=(3)
cfi=(191)
cfn=(766)
calls=1738 50 
0 24358
0 1738
0 52172

fn=(508)
0 12
cob=(3)
cfi=(151)
cfn=(510)
calls=1 242 
0 15225127

fn=(774)
0 22540
cob=(3)
cfi=(158)
cfn=(780)
calls=1610 3400 
0 600947
cob=(1)
cfi=(141)
cfn=(456)
calls=1 67 
0 695
0 1614
0 28980
cob=(3)
cfi=(179)
cfn=(652)
calls=1610 181 
0 43462
cob=(1)
cfi=(141)
cfn=(456)
calls=1 67 
0 772
0 1614
0 9660

fn=(758)
0 12166

fn=(794)
0 13904
cob=(3)
cfi=(191)
cfn=(766)
calls=1738 50 
0 24358
0 1738
0 3476

fn=(848) search_elem_in_list(list_struct**, char*, int (*)(char*))
0 9212
cfn=(802)
calls=94 0 
0 34847
cfn=(800)
calls=94 0 
0 23048
cfn=(798)
calls=94 0 
0 28153
cfn=(796)
calls=94 0 
0 28153
cfn=(794)
calls=94 0 
0 2350
cfn=(790)
calls=94 0 
0 846
cfn=(758)
calls=94 0 
0 658
0 2532902
cfi=(198)
cfn=(850)
calls=158183 9 
0 1261718
0 2221240

fn=(520)
0 11

fn=(654)
0 11
cob=(3)
cfi=(157)
cfn=(550)
calls=1 85 
0 599
0 1
0 4
cfn=(656)
calls=1 0 
0 2360
0 6
cob=(3)
cfi=(158)
cfn=(646)
calls=1 3624 
0 11717
0 1
0 9
cob=(3)
cfi=(185)
cfn=(694)
calls=1 31 
0 675
cob=(1)
cfi=(141)
cfn=(456)
calls=1 67 
0 678
0 5
0 23020
cob=(3)
cfi=(158)
cfn=(646)
calls=1644 3624 
0 352600
0 1644
0 21372
cob=(3)
cfi=(188)
cfn=(718)
calls=1644 53 
0 62015
cob=(1)
cfi=(141)
cfn=(456)
calls=1 67 
0 771
0 1648
0 14796
cob=(3)
cfi=(169)
cfn=(600)
calls=1644 51 
0 34594
0 1644
0 4
cob=(3)
cfi=(169)
cfn=(600)
calls=1 51 
0 21
cob=(1)
cfi=(141)
cfn=(456)
calls=1 67 
0 757
0 5
0 8228
cob=(3)
cfi=(189)
cfn=(724)
calls=1 34 
0 543
cob=(1)
cfi=(141)
cfn=(456)
calls=1 67 
0 730
0 5
0 3
cob=(3)
cfi=(158)
cfn=(672)
calls=1 3352 
0 166
cob=(1)
cfi=(141)
cfn=(456)
calls=1 67 
0 671
0 5
0 4

fn=(838)
0 770
cob=(3)
cfi=(196)
cfn=(844)
calls=7 25 
0 245
cob=(1)
cfi=(141)
cfn=(456)
calls=1 67 
0 679
0 11
0 5285
cfn=(848)
calls=658 0 
0 6143127
0 2653
cob=(3)
cfi=(196)
cfn=(844)
calls=7 25 
0 245
0 7
0 98

totals: 15371522
