6
0
3
7
9
2
9
4
4
5
3
3
4
9
8
7
9
8
11
3
8
8
9
10
12
10
7
3
8
9
7
8
11
8
7
4
6
4
11
5
5
9
9
7
6
10
7
7
6
8
8
5
3
4
3
8
6
4
7
6
5
5
6
5
2
10
5
7
7
7
4
9
4
10
8
8
9
9
2
5
6
9
9
5
3
6
2
6
5
6
2
5
5
5
5
7
6
4
4
8
4
7
5
5
5
6
6
6
7
6
7
4
6
10
3
6
7
7
8
4
4
11
8
4
4
11
7
7
4
5
7
5
7
4
5
9
7
5
10
5
6
8
8
9
9
7
6
4
0
9
8
5
5
6
5
10
4
14
8
9
4
1
9
8
8
8
4
7
9
9
11
8
6
10
10
10
8
10
10
10
11
6
6
11
7
7
4
6
8
9
7
7
7
9
8
4
3
5
1
5
4
1
4
7
4
2
6
4
5
2
5
2
5
5
8
5
5
6
5
3
4
10
10
5
4
5
9
8
7
5
5
3
12
4
6
10
9
5
4
8
7
10
5
7
8
6
11
8
5
13
4
5
4
4
2
7
6
