0
0
0
0
0
0
0
0
0
0
0
0
0
0
0
0
0
0
0
0
290
0
0
0
0
0
0
0
0
0
0
259
0
0
1
0
0
146
0
0
0
0
0
0
0
0
0
0
0
0
0
0
0
49
0
0
0
0
0
0
0
0
0
0
0
0
0
0
0
0
0
0
0
0
0
0
0
0
0
0
0
0
0
0
0
0
0
0
0
0
0
0
0
0
0
0
0
0
0
0
0
0
271
0
0
0
0
0
0
0
0
0
0
0
0
0
0
0
0
0
0
0
225
17
0
1
0
0
0
0
0
0
0
0
0
0
0
0
0
56
167
0
0
0
0
0
0
0
0
0
0
0
31
0
0
0
102
0
0
0
0
0
0
0
0
0
0
0
0
0
0
0
0
0
0
0
0
0
0
0
0
0
0
0
0
0
0
0
0
0
0
0
0
0
0
0
0
0
0
0
0
0
0
0
0
0
0
0
0
0
0
0
0
0
0
0
28
0
0
0
0
0
0
0
0
0
1
0
0
0
0
0
0
0
0
0
0
0
0
0
0
0
0
0
0
0
0
0
0
0
0
0
0
0
0
0
0
