25
10
10
3
12
12
8
9
6
3
7
8
13
6
7
9
7
2
4
1
2
4
2
7
7
7
5
6
3
5
4
8
6
4
6
4
7
3
9
4
7
2
2
5
5
3
4
6
3
8
3
10
5
2
3
6
3
3
4
2
3
5
3
6
12
18
12
12
10
6
10
12
17
11
7
14
13
9
10
11
6
9
6
11
9
11
3
8
10
7
9
11
8
14
7
9
5
6
10
5
6
6
5
5
6
8
4
1
6
7
4
9
7
6
6
5
6
5
6
10
3
3
8
4
5
1
4
7
8
5
8
3
9
10
4
4
6
8
10
8
8
8
3
10
7
8
5
6
4
3
2
5
4
8
2
5
9
5
3
5
7
10
4
9
6
8
4
4
9
1
5
7
4
4
8
4
4
5
4
3
8
2
4
3
4
5
3
5
6
3
5
5
9
8
11
8
13
8
11
6
11
13
11
16
9
6
9
13
10
11
10
7
6
2
6
13
5
8
9
6
12
6
5
6
2
1
5
6
4
5
4
3
7
5
5
1
6
10
10
3
4
6
6
1
1
4
3
4
3
4
4
9
2
2
1
4
0
